Codon	Nucleotide	Frame	wt_ribo_YPD1	wt_ribo_YPD2	wt_ribo_YPD3	ncs2d_ribo_YPD1	ncs2d_ribo_YPD2	ncs2d_ribo_YPD3	elp6d_ribo_YPD1	elp6d_ribo_YPD2	elp6d_ribo_YPD3	ncs2d_elp6d_ribo_YPD1	ncs2d_elp6d_ribo_YPD2	ncs2d_elp6d_ribo_YPD3
-15	-45	0	0.14584696039669584	0.13307479566079575	0.13400729899770725	0.14804088612931904	0.14618633710436046	0.14619009508693517	0.1477970297040009	0.14190124782936608	0.14799680026136172	0.12337861532290037	0.1395176404836418	0.13891161458371626
-14	-42	0	0.12915507045685218	0.1188027289976733	0.12242044298266753	0.1324706490307657	0.12954131516514034	0.125615349957676	0.1357343910956276	0.12400988268375598	0.12765154470522697	0.12445215502986981	0.126786204073698	0.12382713508920909
-13	-39	0	0.12297963494780113	0.11492976565348607	0.12040178629525378	0.12145013183689586	0.12026418875584609	0.12199681325354647	0.11997793013827875	0.11830068505458051	0.12112981857186146	0.11072323377727974	0.11944755950552077	0.12051924966372679
-12	-36	0	0.11859091252142501	0.10712200645889093	0.11401326296369865	0.11668357745514962	0.11228881067339391	0.11188673080381772	0.13046526215664778	0.11926685696105634	0.11698346251724334	0.11718511701346124	0.1244407565909709	0.11269645947604766
-11	-33	0	0.10886373425822175	0.10743679012692357	0.10570526549873566	0.11011006909788106	0.1063528383029942	0.10619526352546323	0.12102700284584625	0.1143290693125454	0.10970274239421894	0.1120114814256431	0.11501726981592517	0.10565007632117407
-10	-30	0	0.12042099242649491	0.11042723497323358	0.12058848286750012	0.1198676205657016	0.11530452763057794	0.11578711333163574	0.12547792297406957	0.11154130057053997	0.11876147621524062	0.10895189326078017	0.11270656970331255	0.11113059655274242
-9	-27	0	0.1244497702269924	0.13213044465669782	0.12347644546943601	0.13196470191761941	0.12175252100953547	0.1256971761645533	0.11997114002366667	0.1224976136127503	0.1328239481903099	0.10733745470145302	0.12510095662314594	0.13323536148673476
-8	-24	0	0.11060708051850161	0.10314224151304978	0.10763057390002624	0.10966879191649036	0.10695598169443102	0.10592250950253888	0.12311156803175709	0.10642402644137935	0.10895780384881297	0.12901469878448998	0.10495443143077308	0.10295548720731965
-7	-21	0	0.12379926789106706	0.11977518568641699	0.12640524794655078	0.12501839042434837	0.1206069824819145	0.1197571996653122	0.12558316975055692	0.12257399083855866	0.11948533159426715	0.11247392929941454	0.125660389281989	0.1160304426169184
-6	-18	0	0.11074585435016569	0.10369311293210688	0.10861073090431965	0.11160508575552375	0.10603607954346267	0.10675289397233075	0.11882700571152993	0.1090093955349926	0.10813556036001581	0.1111774236533053	0.10963490218519292	0.09996077436649836
-5	-15	0	0.10133959057268559	0.08115797498312785	0.09607872349228276	0.10056935210712323	0.09837746022054203	0.09638217990069653	0.10726344052714504	0.0962123913508006	0.10559855267235964	0.09481420111976711	0.1003156575204906	0.0906634632593735
-4	-12	0	0.1500188487110969	0.12894888115479655	0.163137798536022	0.1533362123060076	0.15069906463741287	0.14897824732127282	0.11848749998092556	0.11511193587708117	0.14875579425102065	0.10367090370226506	0.1124911360086028	0.13522531228510185
-3	-9	0	0.12863033190587242	0.11813381370310394	0.13183695134534326	0.12918769896576407	0.12507631840407213	0.12654877483612822	0.11118133665831947	0.12026357975785554	0.12324516293192937	0.1187954265739154	0.11622300355889748	0.12154358499272229
-2	-6	0	0.11758480224186052	0.11445196901450798	0.11746131528237362	0.12232507797241195	0.12097147201343027	0.12964301769619205	0.13556803328763148	0.13260613944848773	0.12330841243106762	0.12366764524400752	0.1278251504401208	0.11657849464007525
-1	-3	0	0.09636975272621615	0.08929176011961393	0.10086282315609574	0.09991124044866984	0.09855102666412095	0.09944611675821323	0.11086559632885741	0.09430296070559141	0.09651170796283207	0.10700713479161628	0.0951417741104452	0.09159645658450953
0	0	0	0.09041115132914024	0.08937607717355121	0.09196556463498015	0.09471862534006358	0.09616014890382109	0.0917877899145488	0.09499709848040912	0.08713877692476653	0.09264646079327278	0.09055307428287299	0.09251834766680231	0.09008931352082825
1	3	0	0.11251955738612203	0.11077574546284115	0.11726878444224456	0.11799219254479104	0.11819440891616728	0.11456275082873094	0.10494122132981114	0.1117322436350609	0.1138209875603312	0.1010531184168088	0.11042019274978006	0.10724203695986774
2	6	0	0.11918070130599731	0.11516585340451055	0.12280550466292565	0.12538738944671818	0.12210399305778284	0.12688517146440154	0.11731281015303444	0.11811356085135	0.12219803233508512	0.1117761284898844	0.12744640410587305	0.12044748094640861
3	9	0	0.12015211812764576	0.11384488622615932	0.12275883051986408	0.1237135794483396	0.12313671339707752	0.12450008906394096	0.1191291658117678	0.1086809734640166	0.12351924409486176	0.1263845265024148	0.11006924431162386	0.11843143243265312
4	12	0	0.13243793891215527	0.1317144805239404	0.13834799430243508	0.13226522689460102	0.1320623677581244	0.12672758025115638	0.11252917440881884	0.1151615810738566	0.12812240208770054	0.11935697042063788	0.1217582596181334	0.12435561382582462
5	15	0	0.0954547127736812	0.07193368928238586	0.08832498147617615	0.0802363647404563	0.08167169002606926	0.0773621327021061	0.12609242834646348	0.09101110227325078	0.08848604929440172	0.12351074328683506	0.08393922198553834	0.07003974367367403
6	18	0	0.12336559966711684	0.11370997893985962	0.1226363108943274	0.12038878413337856	0.12082394053638817	0.11822977713693592	0.12108811387735503	0.12960069561292847	0.11978752364570541	0.07456971964564708	0.1292775905109059	0.10835118986387562
7	21	0	0.10843006603427154	0.10878586298992057	0.10748471720295878	0.10635160482879463	0.10244325416137864	0.10321618347507854	0.10786097061300873	0.10438475451229594	0.10564774672724492	0.09473575014118088	0.10554513672271916	0.10071108368391547
8	24	0	0.10543775528901508	0.10264758146328422	0.10240890414501087	0.10546144223874786	0.10313318077460491	0.10165239374364565	0.11030541187336021	0.10344149577356261	0.10615374272035087	0.10354290473720332	0.10724080838430557	0.09853192444898233
9	27	0	0.11791439009206267	0.10689153984479562	0.12200620996299592	0.11615860977383999	0.10896935243994672	0.11344445933474116	0.11548287426507686	0.11091118845762095	0.11151589470284856	0.1057643061308555	0.11165719912585538	0.10501068229415778
10	30	0	0.10792267421224981	0.10209108890729797	0.10721050661247193	0.10909437075795587	0.10400969131467856	0.10711959660315125	0.12027669518121059	0.10960895675758829	0.10774903564305986	0.10636713996630758	0.10742496944591227	0.09829052058163945
11	33	0	0.09833426978071061	0.09195055788710384	0.0940892381442825	0.0986406664953552	0.0931834843964423	0.09471838036085808	0.10723967512600273	0.10019164481541655	0.09300487462172283	0.09099487716227966	0.10348461767493077	0.08954126149767141
12	36	0	0.09821717936024406	0.09426084516498619	0.09752562192719205	0.10164972037880393	0.09943621552637355	0.09783383742270493	0.11043442405098987	0.10299468900258366	0.09767128211369985	0.09547896993831358	0.1003087080464677	0.08928680877263431
13	39	0	0.11394198916067873	0.10356944791966549	0.11090943245010293	0.1144886038890941	0.1121412791963518	0.1133686943283733	0.11136466975284583	0.10568316735103818	0.11419345683303418	0.0970851504998948	0.10930480216910539	0.10799234627728484
14	42	0	0.1116045174335871	0.10625635137180119	0.10984759569545177	0.11032309946131108	0.10574969491155742	0.10688624038353822	0.11173812605651066	0.10575572571555614	0.10487469729333307	0.1039310306312615	0.10623660938799723	0.10101120741088232
15	45	0	0.10545943870021261	0.1020123929902898	0.1045734175294921	0.10800259014537715	0.10273831711546283	0.10352227410080472	0.1157408986203362	0.10284575341225734	0.10240796682694162	0.10379064466958089	0.10636864939443223	0.09536757645813632
