Codon	Nucleotide	Frame	wt_ribo_YPD1	wt_ribo_YPD2	wt_ribo_YPD3	ncs2d_ribo_YPD1	ncs2d_ribo_YPD2	ncs2d_ribo_YPD3	elp6d_ribo_YPD1	elp6d_ribo_YPD2	elp6d_ribo_YPD3	ncs2d_elp6d_ribo_YPD1	ncs2d_elp6d_ribo_YPD2	ncs2d_elp6d_ribo_YPD3
-15	-45	0	0.17868930800587107	0.16795115560811127	0.17749380924507596	0.182805349843473	0.18689631611017565	0.1748998000496363	0.15241344860582268	0.16077625778914706	0.1915563435002521	0.1494288866642906	0.16589253132960746	0.18204808028816463
-14	-42	0	0.18063306285889358	0.18237189748877503	0.17953899702644835	0.18753570530686836	0.17993415022681486	0.17626343815101755	0.15900948534669856	0.16336705995484624	0.18571000810773688	0.1593591278435136	0.18993255586968247	0.20522652516265624
-13	-39	0	0.15779961577222107	0.1507952764162951	0.1556988230376148	0.14909576203209585	0.14717413271695737	0.1473627670721317	0.15736935771903016	0.13921732048742919	0.1490509113383176	0.21013369677368146	0.1378104860261773	0.14441866585520255
-12	-36	0	0.15018342457769332	0.1409036866422708	0.146551440871178	0.1439076302335332	0.1383049387872847	0.13891666751396425	0.14925161411782653	0.14114876683203784	0.14530043202991164	0.14199740813132603	0.14425226724273885	0.13874068647750432
-11	-33	0	0.1506825989757458	0.1581477960699306	0.15002113755499885	0.14969949603934546	0.14389737420881038	0.14604669774172885	0.15151345077403353	0.15909123735747122	0.14704085053250524	0.14467619690483652	0.16563801128154013	0.1526909925237128
-10	-30	0	0.1377343176202031	0.13489422724536604	0.13550132181361366	0.1381555710655615	0.13201628677742294	0.13595154745630972	0.14236544649696595	0.13227743396645605	0.13499274216595925	0.1597767884587384	0.13911944627338074	0.13858138445087548
-9	-27	0	0.15385160007853338	0.15332454317714572	0.15662475382420626	0.15482128344150708	0.15382602816421187	0.15509004964662532	0.14543846540945662	0.14551117150692977	0.15886834246914502	0.14394169030564816	0.15182120867217005	0.15704904082362947
-8	-24	0	0.16276867000737966	0.16856876725901665	0.16694226830336856	0.16515774040079179	0.15882819299997433	0.16263234255620287	0.15152529285076757	0.1615355160073725	0.16157702196966048	0.16394619356589582	0.17017695213874107	0.17024835160144505
-7	-21	0	0.150954875920138	0.1456681193778266	0.15685878028675135	0.14844558694736548	0.14208872459345906	0.1442020865115659	0.1532187098237393	0.1399565982262277	0.14400124638713047	0.16451507612801228	0.14796704794429316	0.14662613679563033
-6	-18	0	0.13209969752097453	0.13176695555268642	0.13452451570907759	0.13343185004180624	0.12528871561404495	0.12762701253508713	0.13737993219192332	0.12646977461301215	0.1322963191337719	0.14238626456619047	0.13639244575837353	0.12768057434298988
-5	-15	0	0.14556227977148037	0.1015922148941663	0.15656370344267276	0.13565438732124166	0.13476331527270552	0.13034371789985436	0.1334246785627446	0.12603020406561846	0.1405571787869276	0.12763132317661252	0.13461686542304657	0.12582584360438304
-4	-12	0	0.11830433233843374	0.10936627900794357	0.11452034069326589	0.11439764271434293	0.11396762848197131	0.10846208324978353	0.11796484738641876	0.12336614014202031	0.1059816816332894	0.1060209868612766	0.12941132443995496	0.10567413723583878
-3	-9	0	0.12306161561684284	0.10618018715803487	0.10767252289792444	0.11204905108174551	0.10848870663463085	0.11182889515125577	0.14375689051321894	0.12969995212037488	0.1160442421306793	0.1232530877618427	0.13826498611201182	0.11261515411037971
-2	-6	0	0.13408883186472906	0.12552221552686535	0.133486659223008	0.13357780771388858	0.13234169235675391	0.1292284944913604	0.1445266255009334	0.13196440645543328	0.13800783337467776	0.12674559463053245	0.13772564601015486	0.13461021250134306
-1	-3	0	0.11267727548766053	0.10837613969458733	0.11167132288836899	0.11163108138441885	0.10759573318437371	0.10847265408777872	0.11533590635145566	0.10375862966433812	0.10960959625841414	0.11917009519576624	0.10748018029815225	0.10528726088545455
0	0	0	0.20059247553253676	0.18118569098465517	0.19665345398300754	0.19384505740460894	0.19534929360116915	0.19179728458496878	0.18632323533382653	0.20127668958764758	0.2010918758595327	0.13368020105228137	0.20381601849164152	0.18210497386910346
1	3	0	0.12549698161946243	0.12652215819975976	0.12224321395725422	0.1225779067905933	0.12171682181301638	0.12163334739180684	0.16474697152435455	0.1444788467365355	0.1269279860060535	0.17453893089340639	0.13482290546195824	0.11401473620147567
2	6	0	0.12265320020025444	0.11923826206289152	0.12200918749470913	0.12176187071486029	0.1148833046470655	0.11666505353406129	0.14280360333612646	0.12902061581985735	0.11758855714002295	0.12714165211048695	0.13345940520445462	0.1157101649134537
3	9	0	0.12341708829424383	0.12922788543229763	0.1217039355870416	0.11601644598652872	0.1169038462675626	0.11063439045779781	0.12492798850605077	0.11384877177496601	0.11690219491364799	0.11993340597531495	0.10629242007383798	0.1023743095413849
4	12	0	0.15539450276342281	0.16660809535138055	0.15444729021617795	0.16116380773744815	0.15682278652270196	0.15674438579287464	0.1022030432533742	0.1272290328312376	0.1545785785543016	0.09948963896457225	0.14254940692114543	0.16095194047603528
5	15	0	0.09985756935585864	0.0780151352048418	0.0915552221730792	0.08598897217541024	0.08735247912134095	0.08356247435208214	0.16316605428035644	0.10216685146998823	0.0892270894287437	0.1839867020515939	0.08968801693801609	0.07352926400538283
6	18	0	0.16435695218300114	0.1352765582673551	0.1697912861082655	0.16822948595416073	0.158994679575446	0.1640329785905673	0.13967137403996546	0.14720285209841458	0.1713944531004879	0.0788082374658569	0.15233630876944923	0.15091591279842034
7	21	0	0.1451009216157046	0.12997294075719937	0.15347048411164188	0.1409154979558455	0.13960656110460867	0.14057100366021355	0.12863455852381409	0.12585703991058458	0.14011594592711513	0.12291463864260885	0.1284538442591302	0.1258486010367586
8	24	0	0.13956462374639547	0.13594318671595138	0.1459002368014873	0.1422821925217073	0.13356007138634207	0.13500545745573903	0.14316478667651558	0.13399575519717685	0.13788526869139653	0.13001486910142965	0.13557434560387135	0.13071869156512503
9	27	0	0.13940579552883334	0.13392369465108617	0.13908294419691258	0.13830152873764384	0.13068439417364958	0.1353278680145927	0.14457991484623667	0.13869782802232755	0.13065395237780328	0.13715830583079094	0.14061020655491804	0.12045508956375466
10	30	0	0.1400184186537159	0.136952932748384	0.13577604853051445	0.13746558934299052	0.13105520518265465	0.13246317091789264	0.14398188997116626	0.1415816772196225	0.13875547794269336	0.13287368400219218	0.15189998868704807	0.13206138007528212
11	33	0	0.15143136057282447	0.14775623495945908	0.15761173499233125	0.14682678367517968	0.14202061644894792	0.148340569586688	0.1529108158286535	0.14585749981699753	0.14586422957300532	0.1505522496983434	0.1492760081914966	0.13892274593650863
12	36	0	0.1341871540946485	0.13024743482426843	0.13254037830923868	0.13315983801656192	0.1267568245068406	0.1301534428159407	0.14432531019645423	0.13398909503736786	0.13408576350967802	0.13772718839290746	0.13919216628711428	0.13281237534367504
13	39	0	0.14371684714837735	0.12957100301613395	0.14400767497394865	0.14406022234525562	0.139765480108468	0.14309214852206956	0.1448582036494873	0.13343630177322127	0.14621966715452092	0.13928261413236515	0.1428584669795129	0.1342688510157099
14	42	0	0.13661495684881272	0.1363941412547077	0.1407720047526729	0.1379830756349188	0.127611960099036	0.13681307075291882	0.14324768121365403	0.14109548555356585	0.1321247285771782	0.14273911577560447	0.14798522794772653	0.13149244426589352
15	45	0	0.1356317345496185	0.13003176091442845	0.12912155694336241	0.13008809246319297	0.12543249947467958	0.1256185533159985	0.13813190406453665	0.13127174983529777	0.13098487702266265	0.14073722524056168	0.1399436064290274	0.13135589967164024
