Codon	Nucleotide	Frame	wt_ribo_YPD1	wt_ribo_YPD2	wt_ribo_YPD3	ncs2d_ribo_YPD1	ncs2d_ribo_YPD2	ncs2d_ribo_YPD3	elp6d_ribo_YPD1	elp6d_ribo_YPD2	elp6d_ribo_YPD3	ncs2d_elp6d_ribo_YPD1	ncs2d_elp6d_ribo_YPD2	ncs2d_elp6d_ribo_YPD3
-15	-44	1	0.07760158880755737	0.11101569884269696	0.0830328850746267	0.08517051396977739	0.09308899855390564	0.0792336353106195	0.09301221777534929	0.11533659989229705	0.07845138391019686	0.06377349656819573	0.09498399804437138	0.07353349992971006
-14	-41	1	0.09079579147780313	0.12357470559382465	0.09996800097441892	0.10229246113713879	0.10426917097960366	0.09475868866930523	0.11080316841378395	0.13538706715727586	0.08776134672588706	0.06886701255639653	0.12805771474022182	0.09196973867916108
-13	-38	1	0.07206740260099621	0.09578092909382226	0.07502031802643472	0.07204009183963168	0.0762660032529732	0.07184864551603708	0.08337745865496009	0.09915389251639593	0.07009519404351468	0.058688344317249765	0.08528500217144484	0.07108855070487247
-12	-35	1	0.06523312185702071	0.0917615914844405	0.06808318401863428	0.0687883088942552	0.07342701292789422	0.06787069590100019	0.07829531233806668	0.0953634878250998	0.06468573552675277	0.052975911772190395	0.08261038792491937	0.06602684501237086
-11	-32	1	0.07143492417738923	0.09129475623802506	0.07510304364492637	0.07831248832668485	0.08226919332117426	0.07718327239175787	0.08797821086876478	0.10811935993927804	0.0645149105209603	0.05562721648197636	0.09618053599676438	0.06465238706975945
-10	-29	1	0.06799143053775118	0.0911467353062348	0.07350762100258726	0.07254095888098114	0.07663515988967076	0.07074365951186015	0.07752508177312478	0.09568064413600418	0.06492773761829213	0.049647144344761945	0.08362392595518166	0.06740130295498226
-9	-26	1	0.0685272803133071	0.08999672652847968	0.07099039861134111	0.0694355832246145	0.0718009658376787	0.07006225147595106	0.08304735984141354	0.09998159313265857	0.06808800022545303	0.054372655893749566	0.08904353903366745	0.06202241466033956
-8	-23	1	0.06689337771898904	0.0895526637331089	0.07572939475636321	0.0731265880370205	0.07815573365511555	0.07173200810448507	0.08378320511327768	0.10473893779622415	0.06576762723010517	0.05020751474083658	0.08993742326869046	0.06280215522393642
-7	-20	1	0.06724475462099294	0.09312793854711984	0.07382670553105508	0.0718320393763019	0.07676700154563419	0.06960184064087735	0.07878358349977091	0.09957934610419449	0.0675612897909262	0.050784612611420914	0.08634780941151154	0.06228673349545714
-6	-17	1	0.0598570552563613	0.07958971640107197	0.0648214310609632	0.06196881148511262	0.06327520541871084	0.06082947952993945	0.07727750766296489	0.09005692125728518	0.05796661863224853	0.051537348964356994	0.08036511964954669	0.053233813392680115
-5	-14	1	0.07228701316474864	0.10509486157108648	0.07975931417145682	0.07835101656063481	0.07697794819517567	0.07682722134596755	0.08216709633862282	0.10537325041803289	0.07315580873062995	0.06486078241132562	0.08748803969555662	0.07373173905604825
-4	-11	1	0.058838062240550056	0.06783913166202961	0.06288328799915865	0.06119824680611345	0.06586809131932478	0.05890803164489848	0.055993011247829495	0.070733592851453	0.05211586218385605	0.04851803981535782	0.06000989754177921	0.05096067141066894
-3	-8	1	0.06270320816259276	0.07399907966960899	0.06320237252762648	0.06207669054017251	0.06674703569241425	0.06506525921261766	0.07216097605299374	0.08420113278522155	0.0602300499589989	0.04762311992908937	0.07171485409959985	0.056802117666767404
-2	-5	1	0.059874624101461514	0.08275508709627914	0.06379326980256689	0.06397227965051044	0.06730077064746062	0.06314381132757667	0.0739077489413441	0.08789097571940169	0.05997381245031017	0.047522755082031236	0.07669104428984591	0.05656423071516159
-1	-2	1	0.05376066600659397	0.0676341796026277	0.054787995332475005	0.05846274219566644	0.05960121793919687	0.055218606153174435	0.054693247169490054	0.06681941984370637	0.05359634556739089	0.04081503780364526	0.05551232253249034	0.048515722185831354
0	1	1	0.10212769656742833	0.13188665022512402	0.10718876567419075	0.104858441518206	0.10634347970009482	0.10507189137495647	0.12041041929971097	0.14842915350324584	0.10071557633181687	0.07462962752498498	0.12026614113258051	0.09298736619436378
1	4	1	0.052741672990782695	0.06742922754322579	0.0550598080789476	0.05519554795670999	0.05794880251778867	0.053812818403416014	0.07835720586560666	0.088703205296108	0.052229745521051044	0.05004860373299452	0.0723412769099703	0.04815889175842262
2	7	1	0.05326873834378852	0.07259857393036266	0.05709249470474261	0.05853979866356636	0.05845859025418056	0.0592579438795545	0.0744441595133572	0.08536919627172301	0.051674564252225476	0.04104085870952609	0.07517777570299598	0.05121177430403064
3	10	1	0.04744466619307418	0.06503812018353694	0.05167987566628844	0.05140436973603411	0.05397597395142426	0.04910435026339548	0.05923898291437034	0.06955005832539522	0.04478462235192875	0.040848492752664646	0.05770128313951514	0.04539675993144394
4	13	1	0.11302916495209878	0.12717275285888024	0.1231902638795771	0.121417876469898	0.1270689880175445	0.12057852830023927	0.12814711024220768	0.1569150186998823	0.10108569717770058	0.05650540889373513	0.12971175249794148	0.09222084157252278
5	16	1	0.026572878214043586	0.03762008912577136	0.025373128985941296	0.026908118590650745	0.028433850469444313	0.027066018291200228	0.03225340490694183	0.041199378338455675	0.025025863348598458	0.029641084831171893	0.02726698839747275	0.02246710098499409
6	19	1	0.07572172238183658	0.10729240309689576	0.08434467702499442	0.080924702588492	0.0851784991961004	0.07923363531061949	0.09015136139127942	0.11315518331485722	0.07763996513268258	0.05419701741139781	0.08888869294571074	0.06664799427489716
7	22	1	0.07255054584125155	0.09338982173413339	0.08019657815491273	0.07489118115192857	0.08382492486154261	0.07558104268570134	0.08024839698488363	0.0970111535378469	0.06609504182454075	0.05171298744670874	0.07745119781254263	0.06348938419524211
8	25	1	0.06551422337862381	0.08462242808194093	0.07362580045757536	0.06942017193103453	0.0746311667190268	0.06683323681930073	0.08085357814305227	0.09612156876335903	0.06479961886394776	0.05487448012904029	0.07956273537558904	0.05941887413443142
9	28	1	0.06156123323108015	0.08067140782569313	0.0646796157149775	0.06413409823310028	0.06514735693339142	0.0620940746236086	0.07572329241584999	0.09051331692419635	0.05904851033560089	0.048467857391828746	0.07532558333240923	0.05575805826805297
10	31	1	0.06919489642711447	0.08582936798730767	0.07473668733446333	0.07047584554126338	0.07450811450679426	0.06938698225117627	0.0837075574685066	0.09986556033598624	0.061653591673936234	0.05502502739962751	0.08971219259529883	0.06129553786376622
11	34	1	0.06522433743447062	0.07993130316674182	0.06759864825318314	0.06717782871514696	0.07135270420740307	0.06533536690252756	0.07696116296664947	0.0922924864731721	0.06166782709108561	0.05029951585063988	0.07683181346071569	0.057291107511734926
12	37	1	0.06393302731960633	0.08088774611061737	0.06751592263469147	0.06861878466487539	0.07122965199517053	0.0679198063900747	0.0805441105053524	0.09686417866206193	0.06331913548041293	0.048359128807515764	0.08061850415711225	0.05907525964877857
13	40	1	0.06959897986441893	0.09510914178800489	0.07168765739577079	0.07450589881242899	0.08100351342392542	0.07456813884853916	0.08139686577368091	0.09989650241509887	0.06870012316287608	0.05258281612121267	0.08387027200420374	0.06560393487618274
14	43	1	0.0580913863237918	0.0757183997234805	0.0609451449373541	0.0627239648705318	0.06424204422910927	0.06499159347900586	0.07884547702731089	0.09590497420957067	0.0553045956253157	0.05197226330160896	0.0845389255658351	0.054317520616662174
15	46	1	0.07039836231647778	0.0860457062722319	0.07805753001962842	0.07519940702352823	0.07939504522117172	0.07282471648639337	0.08418895157159528	0.10074740959069596	0.06963966069473472	0.049446414650645656	0.08731911669051289	0.06642332326504723
