Codon	Nucleotide	Frame	wt_ribo_YPD1	wt_ribo_YPD2	wt_ribo_YPD3	ncs2d_ribo_YPD1	ncs2d_ribo_YPD2	ncs2d_ribo_YPD3	elp6d_ribo_YPD1	elp6d_ribo_YPD2	elp6d_ribo_YPD3	ncs2d_elp6d_ribo_YPD1	ncs2d_elp6d_ribo_YPD2	ncs2d_elp6d_ribo_YPD3
-15	-44	1	0.06661828659176232	0.09256182808110013	0.06538423861260308	0.07068924082147499	0.0747264674346564	0.06698978676879626	0.07822434704899442	0.10173613456224906	0.06315338721377635	0.04491575123789137	0.07788624417935788	0.05827308152872415
-14	-41	1	0.05638912419127321	0.07253232898652108	0.05807047598050872	0.06225917099876162	0.0642487109626133	0.06351590908087355	0.06496407792186444	0.07835347879567062	0.05521809310191955	0.043143257276362486	0.06506058190503078	0.050876281073908465
-13	-38	1	0.057008023174845886	0.07135789824819748	0.05922282655915383	0.06077815409533798	0.06487787175313314	0.06370621114545098	0.07015035096837129	0.0832628337076914	0.05678268597533924	0.04631111882462687	0.0708684289726506	0.05515942333122872
-12	-35	1	0.056918901721211425	0.07246815244344329	0.05891642120298229	0.0615078046518634	0.06279222850266972	0.05863725615261558	0.07015035096837129	0.08518559171497482	0.05529832863388978	0.041521613864750964	0.07063833667079135	0.054153816018640485
-11	-32	1	0.053878869913902463	0.06699389331890758	0.056931447373871076	0.060131023542229135	0.06266342393138219	0.057322441888262354	0.06712308695542521	0.07815727899900905	0.05553903522980051	0.04167246441466831	0.06603649063360625	0.05031761034469278
-10	-29	1	0.05466115822913832	0.07396346589715586	0.05819037372857584	0.05990517932235222	0.06402082595187382	0.05675499573206782	0.061320507919086845	0.0752273620355295	0.05511378691035823	0.03738265190139363	0.061926566069361616	0.05202341830456468
-9	-26	1	0.05855774622971186	0.07214726972805433	0.06594376143691628	0.06417884686771543	0.06684957249822683	0.059862109440986716	0.07613898464314936	0.0890877876707995	0.05785784210374047	0.04128590988050511	0.07406591854676371	0.05371432837832414
-8	-23	1	0.05041798679776409	0.06815548874861563	0.05242195984934659	0.05536657913444109	0.05649071255352606	0.05290743399006578	0.06192906163231671	0.0738801234317867	0.04848633196961635	0.03576572256946703	0.0594986955738812	0.04521508435118951
-7	-20	1	0.05385906514642814	0.07099209195265406	0.05721120878602769	0.05841981926085404	0.061325837998780934	0.054409090281458655	0.06565403053941168	0.08089099616582701	0.0507329268647831	0.03934842313000412	0.0686666836703767	0.04657079198741958
-6	-17	1	0.05059622970503302	0.06777684714445666	0.05538609862100596	0.05438502540959141	0.056827586047662665	0.05231230753356906	0.06151043869582738	0.07456028272688014	0.04700999818136394	0.036406837406615766	0.060260380435208385	0.04628028320822743
-5	-14	1	0.05699316959924014	0.07094716837249962	0.061494222786425384	0.06471739846896037	0.06751836546452747	0.06181703064982768	0.06438265717674035	0.07834911880018924	0.059719306445450045	0.047979903033087565	0.06028418308712486	0.05682053763276336
-4	-11	1	0.06408327635504867	0.1047232829943418	0.07526914184213679	0.07727346846250203	0.07894729415530924	0.07412092413414355	0.08352690424452607	0.10273457352748244	0.06351444710764242	0.05713464578119682	0.08382897294117106	0.065960390762732
-3	-8	1	0.0550919119217049	0.07477209033993605	0.06136766405235453	0.060621800404653974	0.06578941179609103	0.06711434812015603	0.062324427739001084	0.07889847823084166	0.05102177477987596	0.04594813468888824	0.06308496179596339	0.04613875329015944
-2	-5	1	0.05245787784761961	0.07039525010203058	0.05673827877976294	0.058267808728244566	0.061984722921136375	0.05980674884038238	0.06546797590097199	0.07728527990273538	0.051158175184225385	0.040951210222875976	0.06591351026537114	0.046481404670745075
-1	-2	1	0.04543708777797122	0.06100622184974955	0.05037703714620182	0.05285189060927312	0.055777333389472064	0.05393506513878394	0.05218832608233789	0.06355565413190645	0.04502015698850197	0.0338470921377057	0.05269113712576945	0.04294315671904573
0	1	1	0.04381309684507654	0.05755352383216432	0.0489915520574262	0.05111897053752523	0.05511844846711663	0.050755290641571825	0.05180846452885681	0.062125575614017624	0.043912906647312656	0.03334739969110448	0.052869657015143	0.04101388046748756
1	4	1	0.052546999301254074	0.06840577726661902	0.05549933538306936	0.06032646565558416	0.061989676943108966	0.05824973194838515	0.06072745875906028	0.07687980032296812	0.05082118594995036	0.0417761741677365	0.06254543501918997	0.04987812270437644
2	7	1	0.05753284951291551	0.07412390725485035	0.06321275717538744	0.06512565532796864	0.0703025258131271	0.06703476725678728	0.07073177171349537	0.08310587387036211	0.05904532797690003	0.042389004526775735	0.07138415309750756	0.05387075618250454
3	10	1	0.06002329902281194	0.07536893219055951	0.06714939990359123	0.06604640483977453	0.07295292756846661	0.06824578039500735	0.06621994673133247	0.07840579874144704	0.06124378155288461	0.041526327944435885	0.06656014897576869	0.05629911161882872
4	13	1	0.07352519924843334	0.08989850154337174	0.08210331348196266	0.08046134648922622	0.08379232764450932	0.0792729200278855	0.08224390246695225	0.09881929758521366	0.06996538387804975	0.04890386265133134	0.0837377294421579	0.06171449322069277
5	16	1	0.02875157118085201	0.03903859115422118	0.027782972621553322	0.025850476859757873	0.025498351092957873	0.02569769879302979	0.031016858683219527	0.04093599757456744	0.026541913975755574	0.021251071219606874	0.029336768487055038	0.023575904772901946
6	19	1	0.0435853420191218	0.061487545922832995	0.04395584663860714	0.0472535598511703	0.05060533445008057	0.0462607018800065	0.05220383063554119	0.06747965006513795	0.043166716199989415	0.03405922572352699	0.05330603896694504	0.03988909006599998
7	22	1	0.05042293798963266	0.0640802782631758	0.05380078395211847	0.054319878038473074	0.0548112991048156	0.051135894770726706	0.05798702898037543	0.06941112806338413	0.04782037705426337	0.03775977827618702	0.05902264253555171	0.04575885719429278
8	25	1	0.050947764327702295	0.06684628726982868	0.054646729174592054	0.055779179151523924	0.058858735056427525	0.05489349553674668	0.0615569523554373	0.07417660312451974	0.05094956280110275	0.040008394285892535	0.06068486106105219	0.048649047100101935
9	28	1	0.051695394299858075	0.07284037639329449	0.05479993185267781	0.05723413710650021	0.057109965300100714	0.056533553329650425	0.0646772436876032	0.07822703892671094	0.05127852848218074	0.04030066722635739	0.06391012039573452	0.04814996791533593
10	31	1	0.04869002083562919	0.06452309641041257	0.05146943885081336	0.05294309692883879	0.05505404618147286	0.05002868275863979	0.056932719362550406	0.06993432752114834	0.04656870275552762	0.03670382442676555	0.057324720032176514	0.04184071314672677
11	34	1	0.04666498336137941	0.05989596765450374	0.04827216556902348	0.05090181263379742	0.05280492020591372	0.04859622721800234	0.06001037317340723	0.06925416822605489	0.04324695173195966	0.035308456840030054	0.0571065290562755	0.040544597054946376
12	37	1	0.04521428414388507	0.05658445803168965	0.04666020695612109	0.04861731148658093	0.050981840119997957	0.047886919522759155	0.056041207553360145	0.06654225103664375	0.04331916371073287	0.032145309371450596	0.05418276997920186	0.03798216064361043
13	40	1	0.05050215705952996	0.06941334899294038	0.0515227267388432	0.05635247601736533	0.060860159933356806	0.055260259515750476	0.06167711264276295	0.07373188358542018	0.05072490331158608	0.035926001278754206	0.06167267111558588	0.047487011983333306
14	43	1	0.04839294932351431	0.062065134810533135	0.05059684968432487	0.05222647584653703	0.054033517655117845	0.0519663037797919	0.06115771011045209	0.0728468045027024	0.04539726398876211	0.037057380403134346	0.058641800104888106	0.04233979233149278
15	46	1	0.0481800480731653	0.06620452183905073	0.05274168717752558	0.05270422323473821	0.056015126444156724	0.053350318794900535	0.05712652627759178	0.06911028837516972	0.04669707960668	0.03319654914118714	0.05529356040197067	0.04171408111477121
