	A	C	G	T
0	5623940	3974730	3872756	5173846
1	5564021	3742778	4243941	5094532
2	5729328	3662346	4215812	5037786
3	5452122	4109250	3826510	5257390
4	5078460	4196868	4039074	5330870
5	6961061	2892165	3374739	5417307
6	4479081	5285180	2601660	6279351
7	5574183	3406201	4657269	5007619
8	6630592	2530919	3954765	5528996
9	5054881	5076139	4255203	4259049
10	5116642	3694698	4674640	5159292
11	5447643	4049745	4081080	5066804
12	5539428	4110326	3535915	5459603
13	5479912	3867542	4307780	4990038
14	5662399	3783265	4239362	4960246
15	5458232	4110309	3822761	5253970
