	A	C	G	T
0	2072638	1537977	1445212	1980163
1	2068608	1441177	1560164	1966041
2	2137290	1433907	1533366	1931427
3	2069001	1521940	1448159	1996890
4	2069922	1441646	1554666	1969756
5	2127625	1424878	1538081	1945406
6	2068870	1523210	1444526	1999384
7	2066664	1438555	1555268	1975503
8	2130055	1425044	1537466	1943425
9	2072111	1514458	1448897	2000524
10	2062473	1429793	1563398	1980326
11	2136625	1407236	1546425	1945704
12	2065268	1503434	1467714	1999574
13	2064536	1420702	1576165	1974587
14	2110917	1402049	1561055	1961969
15	2054550	1486930	1478175	2016335
