	A	C	G	T
0	2135389	1496736	1467932	1953491
1	2113294	1416364	1597058	1926832
2	2169584	1385112	1590748	1908104
3	2073580	1549815	1449980	1980173
4	1921710	1612506	1505776	2013556
5	2659003	1069799	1275910	2048836
6	1750985	1905456	1055612	2341495
7	2110258	1278130	1772964	1892196
8	2505257	963700	1483588	2101003
9	1943419	1880816	1581950	1647363
10	1945492	1397753	1758299	1952004
11	2064515	1524967	1542898	1921168
12	2102276	1544369	1340990	2065913
13	2081627	1460780	1612711	1898430
14	2145785	1427944	1596821	1882998
15	2072829	1548025	1451469	1981225
