	A	C	G	T
0	4599395	3529016	3166972	4486870
1	4597517	3271310	3471479	4441947
2	4764289	3267084	3394946	4355934
3	4589263	3487237	3173551	4532202
4	4604562	3267177	3473477	4437037
5	4746430	3241481	3413669	4380673
6	4593043	3491796	3162908	4534506
7	4591901	3247058	3480946	4462348
8	4742504	3239521	3422564	4377664
9	4581563	3471061	3193481	4536148
10	4568185	3215428	3520446	4478194
11	4757613	3175471	3454423	4394746
12	4563143	3419977	3256533	4542600
13	4562228	3200406	3559109	4460510
14	4698314	3163321	3503570	4417048
15	4560606	3379017	3273960	4568670
