	A	C	G	T
0	4794823	3385362	3253572	4388676
1	4750843	3160265	3601951	4309374
2	4895604	3089514	3565967	4271348
3	4630102	3520643	3220277	4451411
4	4319132	3564032	3428390	4510879
5	6450477	2343094	2462192	4566670
6	3776028	4764122	1772340	5509943
7	4764940	2884948	3999747	4172798
8	5665799	2104952	3435581	4616101
9	4331168	4242425	3534046	3714794
10	4329686	3132986	3975720	4384041
11	4585789	3445008	3491399	4300237
12	4624918	3531760	3001500	4664255
13	4583807	3305401	3663011	4270214
14	4754177	3268730	3568066	4231460
15	4568531	3595277	3181452	4477173
