	A	C	G	T
0	5452703	4097623	3807287	5245201
1	5444626	3831641	4122965	5203582
2	5635727	3810811	4044675	5111601
3	5450926	4057173	3819295	5275420
4	5464705	3824932	4119011	5194166
5	5607565	3792411	4066121	5136717
6	5458469	4065669	3795522	5283154
7	5451422	3813982	4116613	5220797
8	5619948	3787606	4065007	5130253
9	5443381	4047976	3814151	5297306
10	5424526	3798144	4134706	5245438
11	5630573	3755580	4064528	5152133
12	5436838	4025119	3842527	5298330
13	5438422	3788366	4161344	5214682
14	5579798	3741084	4108555	5173377
15	5419038	3991393	3860992	5331391
