	A	C	G	T
0	2486685	1799421	1739888	2404499
1	2473719	1694475	1870820	2391479
2	2565529	1672060	1858234	2334670
3	2485904	1778924	1747628	2418037
4	2472852	1691109	1869896	2396636
5	2556324	1650285	1869133	2354751
6	2489613	1773856	1747621	2419403
7	2461080	1680972	1886636	2401805
8	2533603	1656984	1882626	2357280
9	2457436	1764555	1766311	2442191
10	2438903	1674901	1911797	2404892
11	2535474	1629895	1909018	2356106
12	2461737	1748878	1801960	2417918
13	2457375	1658104	1926003	2389011
14	2531061	1619550	1925125	2354757
15	2484749	1735296	1793284	2417164
