	A	C	G	T
0	2974685	2235541	2059068	2872047
1	2984031	2081126	2243049	2833135
2	3081532	2093066	2177755	2788988
3	2971494	2220008	2061827	2888012
4	2986491	2080377	2246571	2827902
5	3077220	2075219	2184931	2803971
6	2973655	2220344	2057719	2889623
7	2978755	2067700	2254087	2840799
8	3067559	2077765	2194470	2801547
9	2957044	2204347	2072004	2907946
10	2961260	2057740	2272932	2849409
11	3071368	2047453	2208915	2813605
12	2947292	2189045	2107784	2897220
13	2967952	2047588	2293120	2832681
14	3053148	2031359	2239264	2817570
15	2963160	2159352	2119839	2898990
