	A	C	G	T
0	2684960	1902574	1852112	2476846
1	2658115	1793537	2022205	2442635
2	2721471	1759913	2014621	2420487
3	2572473	1994294	1849378	2500347
4	2376587	2057893	1899220	2582792
5	3418154	1364886	1457820	2675632
6	2181878	2474824	1223059	3036731
7	2674926	1617976	2246139	2377451
8	3151774	1227186	1895877	2641655
9	2423663	2401536	2027800	2063493
10	2438297	1750414	2222732	2505049
11	2606648	1920460	1928367	2461017
12	2640547	1941748	1689217	2644980
13	2601557	1837823	2062480	2414632
14	2695015	1799097	2012024	2410356
15	2592492	1955041	1825284	2543675
