	A	C	G	T
0	3059789	2184356	2097722	2822223
1	3044320	2038034	2311502	2770234
2	3119428	2015578	2275094	2753990
3	2953531	2268987	2089051	2852521
4	2784470	2302821	2189821	2886978
5	4066372	1420151	1580398	3097169
6	2467426	2964446	1272283	3459935
7	3193426	1805132	2571795	2593737
8	3692223	1385809	2122548	2963510
9	2852262	2665501	2241860	2404467
10	2844467	1978611	2521559	2819453
11	3014314	2173485	2193265	2783026
12	3032375	2206025	1940094	2985596
13	2988812	2067782	2377567	2729929
14	3070085	2052758	2309567	2731680
15	2949465	2241505	2091123	2881997
