	A	C	G	T
0	2873276	2081115	1991825	2746398
1	2874203	1960564	2146004	2711843
2	2964596	1957971	2096581	2673466
3	2877576	2065351	1994074	2755613
4	2882645	1956370	2140826	2712773
5	2961641	1938672	2099541	2692760
6	2874060	2066126	1987269	2765159
7	2861300	1955803	2142405	2733106
8	2929252	1968447	2096764	2698151
9	2847281	2050905	1999244	2795184
10	2870786	1939428	2161054	2721346
11	2966377	1917179	2119595	2689463
12	2866035	2034179	2036174	2756226
13	2872319	1923368	2185741	2711186
14	2951911	1900722	2149372	2690609
15	2877696	2012078	2041222	2761618
