	A	C	G	T
0	4405613	3188710	3047693	4137435
1	4393039	2989186	3296482	4100744
2	4546627	2972402	3240818	4019604
3	4404213	3161189	3044261	4169788
4	4399361	2990220	3287468	4102402
5	4525913	2950650	3250265	4052623
6	4410036	3166333	3032237	4170845
7	4391362	2981747	3289582	4116760
8	4535001	2955434	3235798	4053218
9	4401096	3158209	3043098	4177048
10	4380823	2962919	3299529	4136180
11	4554861	2919890	3240118	4064582
12	4398142	3135372	3059607	4186330
13	4400964	2960746	3302154	4115587
14	4524427	2915658	3253394	4085972
15	4401828	3099583	3058931	4219109
