	A	C	G	T
0	5977820	4326300	4081572	5634613
1	5948719	4067239	4400009	5604338
2	6148777	4040264	4333213	5498051
3	5962733	4288064	4091409	5678099
4	5955751	4073525	4382606	5608423
5	6118728	4007627	4352903	5541047
6	5962613	4285174	4088916	5683602
7	5947052	4049367	4397493	5626393
8	6119921	4001908	4365103	5533373
9	5945934	4258970	4122582	5692819
10	5915746	4003847	4454923	5645789
11	6118186	3931811	4429027	5541281
12	5920549	4202440	4190800	5706516
13	5888207	3995041	4492851	5644206
14	6047211	3922412	4465065	5585617
15	5910308	4164549	4221130	5724318
