	A	C	G	T
0	6135146	4235206	4155964	5545007
1	6065118	4010481	4505832	5489892
2	6227825	3904715	4505490	5433293
3	5961641	4372066	4079025	5658591
4	5478880	4612284	4211366	5768793
5	7733062	3084176	3662089	5591996
6	5117624	5418391	2931518	6603790
7	6048427	3625768	5053166	5343962
8	7180521	2699612	4227920	5963270
9	5612296	5271387	4492047	4695593
10	5591103	3949446	5005681	5525093
11	5904680	4307750	4419300	5439593
12	6017879	4367695	3827101	5858648
13	5963574	4140215	4568790	5398744
14	6150516	4046132	4539403	5335272
15	5955960	4383429	4118392	5613542
