	A	C	G	T
0	2974894	2043532	2008382	2690575
1	2947830	1936681	2182299	2650573
2	3019219	1889337	2163410	2645417
3	2881671	2114985	1985030	2735697
4	2646400	2336174	2010308	2724501
5	3963459	1352453	1556713	2844758
6	2516427	2602338	1375809	3222809
7	3065432	1684482	2483102	2484367
8	3493358	1316449	2047988	2859588
9	2784853	2442173	2144893	2345464
10	2742133	1866368	2405954	2702928
11	2886633	2030680	2120725	2679345
12	2910681	2054807	1892244	2859651
13	2868723	1948470	2260923	2639267
14	2949831	1920337	2213000	2634215
15	2845789	2078821	2030905	2761868
