	A	C	G	T
0	2597987	1939320	1812714	2541915
1	2598006	1811135	1964235	2518560
2	2685192	1805033	1925452	2476259
3	2598604	1915534	1820357	2557441
4	2599781	1806024	1971488	2514643
5	2677553	1786893	1939439	2488051
6	2598748	1908540	1824147	2560501
7	2589650	1794794	1985905	2521587
8	2663941	1788372	1955286	2484337
9	2571329	1901148	1846667	2572792
10	2560115	1783593	2017190	2531038
11	2657910	1763351	1983461	2487214
12	2567157	1884910	1880536	2559333
13	2575318	1772027	2034210	2510381
14	2653212	1745075	2006669	2486980
15	2589794	1861950	1881471	2558721
