	A	C	G	T
0	2588218	1779073	1747277	2341503
1	2542281	1703787	1892367	2317636
2	2616775	1638141	1901129	2300026
3	2473010	1890250	1717713	2375098
4	2146042	2172627	1707844	2429558
5	3527261	1274960	1312766	2341084
6	2243396	2214698	1156265	2841712
7	2547836	1502246	2158859	2247130
8	3009934	1116371	1811974	2517792
9	2370782	2182622	1916787	1985880
10	2341595	1631172	2113788	2369516
11	2489234	1766832	1871808	2328197
12	2524277	1808132	1624266	2499396
13	2479930	1721125	1946847	2308169
14	2576958	1669608	1928745	2280760
15	2484858	1820791	1747129	2403293
