	A	C	G	T
0	4519916	3129286	3095772	4089746
1	4471416	2953969	3377188	4032147
2	4599335	2875630	3366737	3993018
3	4381152	3227834	3047329	4178405
4	3990527	3323906	3136162	4384125
5	5742665	2296216	2599064	4196775
6	3699878	4149828	2095031	4889983
7	4478900	2656769	3782837	3916214
8	5359361	1968342	3139080	4367937
9	4079452	3980591	3405327	3369350
10	4131732	2897450	3738176	4067362
11	4401257	3173237	3262582	3997644
12	4481074	3215175	2826006	4312465
13	4411181	3032902	3446998	3943639
14	4582525	2965369	3377612	3909214
15	4417157	3224352	3061975	4131236
