	A	C	G	T
0	2578720	1836330	1767642	2369816
1	2512327	1756538	1914270	2369373
2	2617183	1650218	1976900	2308207
3	2414729	2034235	1719377	2384167
4	1952978	2494722	1596526	2508282
5	3851570	1323565	1273347	2104026
6	2320852	2282817	1145285	2803554
7	2509866	1561215	2245325	2236102
8	2964257	1135230	1938344	2514677
9	2329924	2221143	1972469	2028972
10	2282329	1665130	2176375	2428674
11	2454257	1759332	1986416	2352503
12	2479095	1846116	1683138	2544159
13	2404634	1744323	2022701	2380850
14	2536215	1658164	2049034	2309095
15	2431913	1861857	1815623	2443115
