	A	C	G	T
0	2470177	1746946	1670733	2251861
1	2418687	1671098	1812557	2237375
2	2516727	1573960	1853771	2195259
3	2317462	1914599	1637276	2270380
4	1902885	2294452	1554938	2387442
5	3691389	1232379	1181112	2034837
6	2193362	2186035	1044374	2715946
7	2422184	1470991	2109244	2137298
8	2881630	1048408	1783751	2425928
9	2256891	2102998	1839835	1939993
10	2210560	1586464	2040772	2301921
11	2355812	1699521	1840101	2244283
12	2376867	1774552	1560956	2427342
13	2317884	1685403	1877528	2258902
14	2436194	1618130	1886770	2198623
15	2336028	1801897	1680728	2321064
