	A	C	G	T
0	2409539	1850638	1804144	2462512
1	2380364	1728827	1954753	2462889
2	2499367	1674213	1988523	2364730
3	2419507	1821329	1812125	2473872
4	2373467	1720553	1963853	2468960
5	2485559	1649529	1996966	2394779
6	2412996	1828718	1816473	2468646
7	2348675	1726790	1975757	2475611
8	2425662	1693976	1992932	2414263
9	2347801	1804065	1826733	2548234
10	2337972	1699472	2019764	2469625
11	2475479	1635156	2035758	2380440
12	2415953	1802802	1852032	2456046
13	2405060	1700823	1988021	2432929
14	2503458	1634273	2014635	2374467
15	2457437	1798391	1826880	2444125
