	A	C	G	T
0	3519994	2445738	2420251	3206165
1	3475157	2324720	2623328	3168943
2	3573792	2258444	2619898	3140014
3	3417102	2533645	2378861	3262540
4	3117044	2748432	2427307	3299365
5	4408205	1788707	2095757	3299479
6	3028271	3012939	1832575	3718363
7	3511287	2067074	2950485	3063302
8	4142943	1566871	2450901	3431433
9	3207032	3053538	2639107	2692471
10	3208926	2284011	2912570	3186641
11	3399938	2486092	2569534	3136584
12	3465623	2516012	2230070	3380443
13	3414708	2396921	2674989	3105530
14	3539593	2329590	2648666	3074299
15	3424298	2521215	2407675	3238960
