	A	C	G	T
0	2339528	1784631	1661956	2329373
1	2322242	1673843	1800633	2318770
2	2426853	1627807	1815153	2245675
3	2345550	1757721	1672277	2339940
4	2318621	1663382	1806392	2327093
5	2415977	1603212	1829253	2267046
6	2344476	1757956	1673727	2339329
7	2299217	1664168	1820022	2332081
8	2371347	1626824	1835004	2282313
9	2298195	1730309	1693561	2393423
10	2280976	1634718	1863533	2336261
11	2398727	1577175	1875046	2264540
12	2335349	1717656	1719972	2342511
13	2315524	1625282	1858957	2315725
14	2400761	1564833	1881626	2268268
15	2351193	1708317	1719361	2336617
