	A	C	G	T
0	3421044	2498894	2379890	3256517
1	3409194	2351204	2562002	3233945
2	3528120	2326760	2526350	3175115
3	3420475	2472333	2385355	3278182
4	3409810	2353229	2557612	3235694
5	3511839	2306542	2535285	3202679
6	3415725	2476971	2382424	3281225
7	3400522	2344695	2559829	3251299
8	3508431	2313137	2541999	3192778
9	3413683	2464598	2393099	3284965
10	3388760	2330970	2579864	3256751
11	3511404	2283098	2559375	3202468
12	3401741	2441147	2428114	3285343
13	3390822	2319370	2595321	3250832
14	3474892	2274205	2584658	3222590
15	3393781	2412737	2447499	3302328
