Codon	AA	Abbr	R_PC_NC_1_0	R_PC_NC_2_0	R_PC_V1_1_1	R_PC_V1_1_2	R_PC_V2_2_1	R_PC_V2_2_2	R_PC_NC_1_0_count	R_PC_NC_2_0_count	R_PC_V1_1_1_count	R_PC_V1_1_2_count	R_PC_V2_2_1_count	R_PC_V2_2_2_count	R_PC_NC_1_0_norm	R_PC_NC_2_0_norm	R_PC_V1_1_1_norm	R_PC_V1_1_2_norm	R_PC_V2_2_1_norm	R_PC_V2_2_2_norm	R_PC_NC_1_0_absolute_cdt	R_PC_NC_2_0_absolute_cdt	R_PC_V1_1_1_absolute_cdt	R_PC_V1_1_2_absolute_cdt	R_PC_V2_2_1_absolute_cdt	R_PC_V2_2_2_absolute_cdt	R_PC_NC_1_0_norm_cdt	R_PC_NC_2_0_norm_cdt	R_PC_V1_1_1_norm_cdt	R_PC_V1_1_2_norm_cdt	R_PC_V2_2_1_norm_cdt	R_PC_V2_2_2_norm_cdt
TGA	Stop	*	4	3	3	1	2	2	18	27	36	16	16	26	0.32658439731282934	0.5404713227573029	0.6577479069521387	0.28176841947826087	0.23898507820021686	0.6791704229274765	4.5	9.0	12.0	16.0	8.0	13.0	0.08164609932820734	0.18015710758576764	0.21924930231737957	0.28176841947826087	0.11949253910010843	0.33958521146373827
TAG	Stop	*	1	1	1	1	2	1	1	1	3	5	5	1	0.021888953946855628	0.021888953946855628	0.01056328888938053	0.09327719858168147	0.07289160196864447	0.004315597906281156	1.0	1.0	3.0	5.0	2.5	1.0	0.021888953946855628	0.021888953946855628	0.01056328888938053	0.09327719858168147	0.036445800984322235	0.004315597906281156
TAA	Stop	*	1	1	1	1	1	1	97	147	320	363	196	89	0.026117064287251936	0.039579468559031286	0.1142926703795727	0.12443245870298567	0.05278286238036481	0.024519039836635177	97.0	147.0	320.0	363.0	196.0	89.0	0.026117064287251936	0.039579468559031286	0.1142926703795727	0.12443245870298567	0.05278286238036481	0.024519039836635177
GCG	Ala	A	1583	1646	1742	1680	997	1378	19846	23490	29819	31646	23657	18620	109.65225137814069	128.29425842701767	169.154135244497	175.0703678739015	157.30261831727643	117.90569293493019	12.536955148452305	14.270959902794655	17.11768082663605	18.836904761904762	23.728184553660984	13.512336719883889	0.06926863637279893	0.07794304886210064	0.09710340714379852	0.10420855230589374	0.15777594615574367	0.08556291214436153
GCA	Ala	A	4046	4308	4411	4313	2748	3393	50768	60569	70170	71521	56593	37815	377.1587880915317	445.58736542925715	493.44072727827796	541.9037078303619	408.50515807672383	247.27046612863367	12.547701433514582	14.059656453110492	15.907957379279075	16.582657083236725	20.59425036390102	11.14500442086649	0.09321769354709136	0.10343253607921475	0.11186595494860076	0.1256442633504201	0.14865544325936092	0.07287664784221447
GCC	Ala	A	6807	7098	7464	7395	4274	5694	101521	117260	141284	150727	107831	85013	476.5701571206163	564.7403823282364	710.8348852213734	774.0697434127231	618.7669338901097	429.130859697504	14.914205964448362	16.520146520146522	18.928724544480172	20.382285327924272	25.22952737482452	14.930277485072006	0.0700117756898217	0.07956331111978535	0.09523511323973384	0.10467474555952984	0.1447746686687201	0.07536544778670601
GCT	Ala	A	4888	5116	5362	5223	2993	3895	64685	76722	87590	92395	72527	63678	358.8594707341631	425.4230295308582	470.74796007044233	503.18814670916623	387.4194627078588	306.1346545368981	13.233428805237315	14.996481626270525	16.335322640805668	17.690024889910013	24.232208486468426	16.34865211810013	0.0734164219996242	0.08315540061197384	0.08779335323954537	0.09634082839539848	0.12944185189036378	0.07859683043309322
TGT	Cys	C	2002	2146	2064	2012	1479	1909	19766	23225	23879	24569	27703	23041	187.92112046343328	219.52153179656332	199.97211474433556	202.22735259432693	275.39550518404627	188.23489164057494	9.873126873126873	10.822460391425908	11.569282945736434	12.211232604373757	18.730899256254226	12.069669984284966	0.09386669353817846	0.10229335125655327	0.09688571450791451	0.10051061262143486	0.18620385746047755	0.09860392437955733
TGC	Cys	C	2038	2119	2240	2107	1407	2001	25959	30512	38415	40383	29864	24778	120.565004029343	145.37251909302162	164.7986236670393	173.68154702681994	185.05923055480832	139.4127686901465	12.737487733071639	14.399244926852289	17.149553571428573	19.166112956810633	21.225302061122957	12.38280859570215	0.05915849069153239	0.06860430348892006	0.07357081413707112	0.0824307294859136	0.1315275270467721	0.06967154857078785
GAC	Asp	D	8575	8886	8822	8467	6099	7533	195288	231035	244626	241590	200538	135203	819.1070626911318	972.0465403523614	1085.3337166781005	1075.1654943141298	1080.3025846961646	705.6188251422108	22.774110787172013	25.999887463425612	27.72908637497166	28.533128616983582	32.88047220855878	17.94809504845347	0.0955226895266626	0.10939078779567425	0.12302581236432787	0.12698305117681938	0.17712782172424407	0.09367036043305599
GAT	Asp	D	8330	8613	8438	8238	5847	6831	141669	171496	178887	179534	135902	99092	1020.9540550932638	1267.8415806233259	1200.122269602175	1240.3490656252043	1020.2521330905204	668.2048205813702	17.007082833133254	19.911296876814117	21.200165916093862	21.793396455450353	23.24303061399008	14.50622163665642	0.12256351201599806	0.1472009265788141	0.1422282850915116	0.1505643439700418	0.1744915568822508	0.09781947307588497
GAG	Glu	E	14879	15481	14760	13812	10633	12028	337490	408611	408493	384819	350046	212709	2201.8160449986863	2652.959749594918	2623.0377362497466	2343.004741766054	2353.197963069697	1282.8373335293445	22.682303918274076	26.394354369872747	27.675677506775067	27.86120764552563	32.920718517821875	17.684486198869305	0.14798145339059657	0.17136875845196808	0.17771258375675789	0.16963544322082638	0.22131082131756766	0.10665425120796014
GAA	Glu	E	10815	11333	11109	10265	7442	7473	233664	286651	298031	256082	166497	85458	2149.0629193629143	2678.5634333928797	2592.7001492433797	2255.7715108699344	1567.3267003031108	704.2254705206993	21.605547850208044	25.29347921997706	26.82788729858673	24.947101802240624	22.372614888470842	11.435568044961864	0.19871131940480022	0.23635078385183797	0.2333873570297398	0.21975367860398776	0.21060557649867115	0.09423597892689674
TTT	Phe	F	3362	3570	3444	3329	2347	2683	31436	39868	41965	44181	35227	23674	244.09134508272305	312.07772198261	270.2091267934327	301.4090451985836	305.39863694972337	186.32530932172895	9.350386674598454	11.16750700280112	12.184959349593496	13.271553018924601	15.009373668512996	8.823704808050689	0.07260301757368325	0.08741672884666947	0.07845793460901065	0.09054041610050574	0.1301229812312413	0.06944663038454303
TTC	Phe	F	3482	3727	3721	3844	2390	3056	28873	35607	41086	44931	35403	26735	184.23745551442948	219.74182712192228	238.69429893335914	260.49242803795033	260.1608589889134	179.73592710558802	8.292073520964962	9.553796619264824	11.041655468959958	11.688605619146722	14.812970711297071	8.74836387434555	0.05291138871752714	0.05895943845503684	0.06414789006540154	0.06776598023880082	0.10885391589494284	0.058814112272770946
GGA	Gly	G	5121	5344	5093	5016	3390	3908	83391	102026	104348	106569	72233	46717	712.2099047102548	886.8987675486808	859.8183311766982	838.387078754416	618.0392220251111	379.59308571834566	16.284124194493263	19.091691616766468	20.488513646181033	21.245813397129186	21.307669616519174	11.954196519959059	0.13907633366730224	0.1659615957239298	0.16882354823811077	0.16714255956029028	0.18231245487466405	0.0971323146669257
GGC	Gly	G	5399	5621	5325	5211	3490	5025	62097	73517	74384	80951	79504	79305	290.8616580995992	345.3302134873061	334.2270876196985	349.6598440857303	419.337130589163	334.1653841267406	11.501574365623263	13.078989503647039	13.968826291079813	15.534638265208214	22.780515759312323	15.782089552238807	0.053873246545582364	0.06143572558037824	0.06276565025722038	0.06710033469309735	0.12015390561294069	0.06650057395557027
GGG	Gly	G	4428	4576	4437	4278	2986	3784	81691	101177	110519	110569	90088	64084	486.074951318266	578.3844331119817	590.8998888604341	587.8196406335328	566.4735667249465	346.34953456645263	18.44873532068654	22.11035839160839	24.908496732026144	25.84595605423095	30.17012726054923	16.93551797040169	0.1097730242362841	0.1263951995437023	0.13317554402984766	0.13740524558988612	0.18970983480406783	0.09153000384948537
GGT	Gly	G	3123	3295	2992	2915	2165	3012	40641	49529	46435	46985	51013	48954	247.66150631380393	298.99315358919637	272.71668189815944	272.12227735907265	323.63537201602725	286.902417317891	13.013448607108549	15.031562974203338	15.519719251336898	16.11835334476844	23.56258660508083	16.252988047808763	0.07930243557918794	0.09074147301644807	0.09114862362906398	0.09335241075782938	0.14948516028453915	0.0952531265995654
CAC	HIS	H	3216	3315	3216	3224	2345	2895	42121	48736	53853	56935	53106	41365	209.4118118796638	246.72343201370927	258.84175753197906	270.3594385475515	297.54577793740737	208.3849650287628	13.097325870646767	14.701659125188536	16.745335820895523	17.659739454094293	22.646481876332622	14.288428324697755	0.06511561314666163	0.07442637466476901	0.08048562112312782	0.08385838664626288	0.12688519315028032	0.07198098964724103
CAT	HIS	H	2101	2132	2113	2137	1493	1799	18254	21911	22816	25294	24289	20666	138.05820458583037	167.0801750987122	163.11557668329235	180.4161084052093	196.41685939260353	132.8299393643238	8.688243693479295	10.277204502814259	10.797917652626598	11.836218998596163	16.268586738111185	11.487493051695386	0.06571071136879122	0.07836781195999634	0.0771962028789836	0.08442494543996691	0.13155851265412158	0.07383543044153629
ATT	Ile	I	4463	4713	4607	4389	3220	3770	70573	86195	88568	90610	69859	47495	483.39731701503194	604.8562556078175	557.1797177276279	571.4966897937942	470.1114752825859	287.2185199392273	15.812906116961685	18.288775726713347	19.22465812893423	20.64479380268854	21.695341614906834	12.59814323607427	0.10831219292292896	0.12833784332862666	0.12094198344424309	0.1302111391646831	0.14599735257223165	0.07618528380350857
ATC	Ile	I	6432	6638	6494	6397	4509	5541	110226	134075	137023	145297	110893	86723	549.9452826281312	686.2699098130993	680.5925070786835	711.3584589648159	703.8741355583666	458.57919598046055	17.137126865671643	20.198101837902982	21.099938404681243	22.713303110833202	24.593701485917055	15.65114600252662	0.08550144319467214	0.10338504215322375	0.10480328104075816	0.11120188509689165	0.156104266036453	0.08276108933052889
ATA	Ile	I	1656	1731	1764	1612	1256	1301	16647	20774	22110	21326	17104	10773	169.30919923164075	215.70766370932014	199.75015382305781	201.1171808608753	191.89736648222035	99.7017587086254	10.052536231884059	12.001155401502022	12.534013605442176	13.22952853598015	13.617834394904458	8.28055342044581	0.10223985460847872	0.12461447932369737	0.11323704865252711	0.12476251914446358	0.1527845274539971	0.07663471076758294
AAA	Lys	K	7058	7375	7026	6421	4497	4384	120932	147270	140815	120688	69027	35854	888.1281681141737	1071.5175492018932	918.1149890912878	787.4369749338176	535.9113932476541	255.47283150304096	17.134032303768773	19.968813559322033	20.041986905778536	18.795826195296684	15.349566377585056	8.17837591240876	0.12583283764723346	0.14529051514601943	0.1306739238672485	0.12263463244569656	0.11917086796701226	0.05827391229540168
AAG	Lys	K	11469	12073	11835	11322	7684	8540	233327	287274	308273	302588	182390	106896	1364.2137350406874	1713.4514512663002	2143.4898185961765	1860.145298271924	975.9451484723688	515.4153118577136	20.344145086755603	23.794748612606643	26.04757076468103	26.725666843313903	23.736335242061426	12.517096018735362	0.11894792353654961	0.1419242484275905	0.18111447558903054	0.16429476225683837	0.1270100401447643	0.060353081013783796
CTT	Leu	L	2619	2755	2785	2733	1726	2111	20426	24813	27542	28959	23091	16790	166.9662487008839	211.47886099406742	202.9025351310835	203.50979476646688	221.0758075559698	136.4988279407397	7.7991599847269955	9.006533575317604	9.889407540394973	10.596048298572997	13.378331402085747	7.953576504026528	0.0637519086295853	0.07676183702144009	0.0728554883774088	0.07446388392479579	0.12808563589569513	0.06466074274786342
CTA	Leu	L	1481	1590	1661	1610	925	1068	15589	19500	22260	22484	14337	10625	131.3187510941609	164.86415769558488	174.84397274731464	185.7522186100874	125.97781581607069	80.16448082831397	10.525995948683322	12.264150943396226	13.401565322095124	13.965217391304348	15.499459459459459	9.948501872659175	0.0886689744052403	0.10368814949407854	0.10526428220789563	0.11537404882614125	0.136192233314671	0.07506037530741008
CTC	Leu	L	3502	3627	3815	3768	2306	2895	36642	43421	53415	56369	41135	34128	191.6865487786423	232.44356597179734	269.44359959020494	278.3796224312426	256.31390375851873	182.90709847113442	10.463163906339235	11.971601874827682	14.001310615989516	14.959925690021231	17.83824804856895	11.78860103626943	0.054736307475340466	0.06408700467929344	0.07062741797908387	0.07387994225882234	0.11115086893257534	0.0631803448950378
CTG	Leu	L	7938	8501	8342	8198	5010	6928	90852	108516	119216	127943	102258	84382	481.8984194061883	589.8544643113845	649.5822760349685	667.498881459305	600.2025651269739	447.37815132145096	11.44520030234316	12.765086460416422	14.291057300407576	15.606611368626494	20.410778443113774	12.17984988452656	0.06070778778107688	0.06938647974489878	0.0778688894791379	0.08142216168081301	0.1198009112029888	0.06457536826233415
TTG	Leu	L	3184	3393	3205	3086	2265	2710	45470	55899	57956	59179	56625	48028	318.4967532355936	402.8989396836271	351.66884593094966	352.4595503131249	354.40217795093423	260.28852322923876	14.280778894472363	16.47480106100796	18.08299531981279	19.176604018146467	25.0	17.72250922509225	0.10003038732273668	0.11874416141574627	0.10972506893321363	0.11421242719155052	0.1564689527377193	0.09604742554584456
TTA	Leu	L	1432	1503	1587	1544	998	1086	12544	15450	17268	18237	14753	9896	129.41180027842685	149.97326782916093	155.64548598092912	155.14167657089968	135.02822771798205	79.5947481656215	8.759776536312849	10.27944111776447	10.880907372400756	11.811528497409327	14.78256513026052	9.112338858195212	0.09037136890951596	0.0997826133261217	0.09807529047317524	0.10048036047338062	0.13529882536871948	0.07329166497755202
ATG	Met	M	5156	5431	5528	5398	3592	4384	64458	78857	90912	94600	77282	56928	490.1101485148142	623.3361661432144	631.4461913730332	663.4728238780301	565.7498826558473	350.3236442348875	12.50155159038014	14.519793776468422	16.445730824891463	17.525009262689885	21.515033407572382	12.985401459854014	0.09505627395554969	0.11477373709136704	0.1142268797708092	0.12291086029604115	0.15750275129617128	0.07990959038204551
AAC	Asn	N	5871	6112	6032	5963	4231	4728	101008	120651	131107	140029	103505	68684	530.3163648709219	641.8764285907649	661.9706716575668	704.2236048457735	607.7442081936878	356.1834827622127	17.20456481008346	19.740019633507853	21.735245358090186	23.482978366593997	24.463483809974	14.527072758037225	0.09032811529056751	0.1050190491804262	0.10974314848434462	0.11809887721713458	0.14364079607508573	0.07533491598185547
AAT	Asn	N	4546	4855	4784	4736	3277	3489	59562	72743	81950	86380	56760	33838	486.4027001548461	611.0210186356177	570.4204495487903	607.7940038746854	495.56726480287693	279.84007891515705	13.102067751869775	14.983110195674563	17.130016722408026	18.23902027027027	17.320720170888006	9.698480940097449	0.10699575454352092	0.12585396882299024	0.11923504380200467	0.12833488257489134	0.15122589710188494	0.08020638547295988
CCC	Pro	P	3874	3984	4177	4066	2468	3140	52196	60384	66904	70012	59051	42808	362.2477026023118	425.0692776780444	514.0557484242348	552.7011573563956	421.55098336456365	246.75852768824802	13.473412493546721	15.156626506024097	16.01723725161599	17.218888342351207	23.926661264181522	13.63312101910828	0.09350740903518631	0.10669409580272199	0.12306817055883046	0.13593240466217305	0.1708067193535509	0.0785855183720535
CCA	Pro	P	3786	3966	3977	4046	2310	2730	52622	62059	73600	81785	43048	28397	387.19559228493085	468.5631486908817	506.5177472489378	583.3576500483922	330.8203511826177	198.5845288495667	13.899101954569467	15.647755925365608	18.506411868242395	20.213791398912505	18.635497835497837	10.401831501831502	0.10227036246300339	0.11814501984137209	0.12736176697232532	0.14418132724873756	0.14321227323922844	0.07274158565918194
CCG	Pro	P	1336	1348	1403	1419	798	1065	17696	21003	22264	25017	19357	15204	98.45570858333627	115.87715555975917	135.90374681674996	153.84567203805906	116.37286021004665	80.97859127269615	13.245508982035927	15.580860534124628	15.868852459016393	17.63002114164905	24.25689223057644	14.27605633802817	0.07369439265219781	0.08596228157252164	0.0968665337254098	0.10841837352928757	0.14583065189228903	0.07603623593680389
CCT	Pro	P	3836	3957	3898	3986	2312	2846	45082	53784	54522	59606	42199	32917	310.1458744583949	364.2499670060806	354.3591817083258	383.47529106337953	315.74020111403246	203.76130144221946	11.752346193952034	13.592115238817286	13.987172909184197	14.953838434520822	18.252162629757784	11.566057624736473	0.08085137498915405	0.09205205130302771	0.09090794810372647	0.09620554216341684	0.13656583093167493	0.07159567865151772
CAA	Gln	Q	1912	2036	2168	2157	1214	1409	16788	20470	25752	26262	16002	10569	144.60648314221538	176.22502975139082	200.69413799883304	210.48003293855024	143.28797193414414	81.39604431191277	8.780334728033473	10.054027504911591	11.878228782287822	12.175243393602225	13.181219110378912	7.501064584811924	0.0756310058275185	0.08655453327671454	0.09257109686293037	0.09757998745412622	0.1180296309177464	0.05776866168340154
CAG	Gln	Q	8316	8824	8624	8291	5780	7262	108299	129821	142931	149173	131415	96424	720.4885063881561	869.5803384233243	892.966669813096	891.0627406956776	905.8127279427266	573.7534310624745	13.022967772967773	14.712262012692657	16.57363172541744	17.992160173682308	22.736159169550174	13.277884880198293	0.0866388295320053	0.09854718250490982	0.103544372659218	0.107473494234191	0.15671500483438178	0.07900763302980922
CGA	Arg	R	1621	1705	1753	1757	1025	1199	24748	28888	36811	40247	23879	13348	178.76102289919035	206.13794379709572	244.5801563305083	267.16838496882224	149.54845875704703	81.45213907340826	15.267119062307218	16.943108504398825	20.998859098687962	22.90665907797382	23.29658536585366	11.132610508757297	0.1102782374455215	0.12090201982234353	0.13952091062778568	0.15205941090997283	0.1459009353727288	0.06793339372260906
CGC	Arg	R	2684	2679	2768	2739	1770	2348	34863	39952	46036	50442	37851	32861	161.9494018725714	187.07483358289036	211.33933900010348	233.42159575073185	191.63573275282604	147.60353707112446	12.98919523099851	14.913027248973497	16.63150289017341	18.41621029572837	21.384745762711866	13.995315161839864	0.06033882335043644	0.0698300983885369	0.07635091726882351	0.08522146613754357	0.10826877556656839	0.06286351664017226
AGA	Arg	R	2788	3022	3000	2884	2011	2068	42498	52278	54416	55761	36328	26930	449.5310817006856	562.8823600924396	493.9584848731221	573.6835026300685	381.613040264049	179.73032712023567	15.243185078909613	17.29913964262078	18.138666666666666	19.334604715672675	18.06464445549478	13.022243713733076	0.16123783418245538	0.18626153543760413	0.1646528282910407	0.19891938371361598	0.18976282459674243	0.08691021620901145
CGG	Arg	R	2812	2979	3045	2985	1893	2428	43035	51361	64758	67079	46949	38632	241.22710696940268	281.67726908098996	345.3814503812585	346.40093454604806	271.1478049106918	173.5783203482834	15.304054054054054	17.241020476670023	21.266995073891625	22.472026800670015	24.8013734812467	15.911037891268533	0.08578488868044191	0.09455430314903993	0.11342576367200607	0.11604721425328243	0.1432370865877928	0.07149024726041327
CGT	Arg	R	1567	1642	1645	1577	1100	1424	25064	29328	29999	32435	32145	27377	142.5474493843456	167.21698891130256	175.22647920678236	196.77651641049727	181.63699686980704	128.41501433158575	15.994894703254626	17.861144945188794	18.23647416413374	20.56753329105897	29.222727272727273	19.225421348314608	0.09096837867539605	0.10183738666949	0.10652065605275524	0.12477902118611114	0.1651245426089155	0.09017908309802371
AGG	Arg	R	2446	2554	2765	2670	1789	2050	42811	51131	63215	67819	42801	25472	331.59082088469063	409.47256479159455	496.3022771650088	509.97299135401187	335.91905747143034	187.66509793796595	17.502452984464433	20.019968676585748	22.862567811934902	25.400374531835205	23.924538848518726	12.425365853658537	0.13556452202971817	0.16032598464823591	0.17949449445389107	0.19100112035730782	0.18776917689850772	0.09154395021364192
TCT	Ser	S	3882	4080	3961	3745	2773	3231	41973	51656	53670	53925	51773	37612	333.8258723972145	430.38582906105756	419.9809396342223	442.01589676387096	436.23101186021296	261.498461211353	10.812210200927357	12.66078431372549	13.549608684675587	14.399198931909213	18.670393076090875	11.64097802537914	0.08599326955105989	0.10548672280908274	0.10602901783242169	0.1180282768394849	0.1573137439092005	0.08093421888311761
AGT	Ser	S	2671	2812	2755	2741	1887	2340	43686	52290	54098	59639	53008	33845	290.414411899607	354.8517941473837	371.82048851837607	379.56278717761785	368.0487031565821	219.4165892583419	16.35567203294646	18.595305832147936	19.636297640653357	21.75811747537395	28.091149973502915	14.463675213675213	0.10872872029187831	0.12619196093434698	0.13496206479795864	0.13847602596775552	0.19504435779363122	0.0937677731873256
AGC	Ser	S	3578	3781	3993	3848	2511	3111	43084	51211	66522	72179	54044	37363	269.42866029770784	318.0765375676952	397.32297725917243	426.6732238850878	360.62603952233894	237.1915798064641	12.041363890441588	13.544300449616504	16.659654395191584	18.757536382536383	21.522899243329352	12.009964641594342	0.07530147017823025	0.08412497687587812	0.09950487785103242	0.11088181493895213	0.1436184944334285	0.0762428736118496
TCA	Ser	S	2673	2752	2821	2731	1782	2123	27866	33130	38442	40035	32205	22608	247.96362698188844	294.75117193885876	306.34311437384764	312.84704134144175	301.24315888511126	179.58305522638733	10.42499064721287	12.038517441860465	13.62708259482453	14.65946539729037	18.07239057239057	10.649081488459727	0.09276604077137615	0.10710435026848066	0.10859380162135684	0.11455402465816249	0.16904778837548332	0.08458928649382352
TCC	Ser	S	3948	4094	4166	4091	2577	3263	46280	53505	61354	64886	51887	43520	278.71250188021384	338.3519343990307	356.04466333289173	359.4068522366183	319.8612912954708	227.46008790888717	11.722391084093212	13.069125549584758	14.727316370619299	15.860669762894158	20.13465269693442	13.337419552558995	0.07059587180349894	0.0826458071321521	0.08546439350285447	0.0878530560343726	0.12412157209758276	0.06970888382129549
TCG	Ser	S	1116	1158	1189	1152	716	959	22881	27594	36645	36073	22017	18025	129.53811863414205	151.3118406661167	182.3793266362095	187.4141292170654	150.64433141213496	118.10355385072423	20.502688172043012	23.82901554404145	30.820016820857862	31.313368055555557	30.75	18.795620437956206	0.11607358300550363	0.13066652907263962	0.1533888365317153	0.16268587605648038	0.21039711091080301	0.12315281944809617
ACA	Thr	T	3117	3262	3577	3581	2309	2617	32654	39805	49364	54342	36435	22740	270.06787848268567	313.5205085797984	363.9661552860505	418.35287187019685	330.04492235377916	185.8115060373455	10.476098812961181	12.202636419374617	13.800391389432486	15.175090756771851	15.779558250324817	8.689338937714941	0.08664352854754112	0.09611297013482477	0.101751790686623	0.11682571121759197	0.14293846788816766	0.07100172183314693
ACG	Thr	T	1386	1460	1488	1532	934	1252	27308	33345	37916	40706	35778	28578	99.85585806835415	120.93372021351522	159.00237236093758	170.6049639875707	131.51070123023	105.29562782072362	19.702741702741704	22.839041095890412	25.481182795698924	26.570496083550914	38.30620985010707	22.8258785942492	0.07204607364239116	0.08283131521473645	0.1068564330382645	0.11136094255063361	0.1408037486405032	0.0841019391539326
ACT	Thr	T	3143	3282	3343	3318	2243	2659	43184	50942	58639	65777	48692	32862	288.4212202311743	357.235457396906	365.78830385482485	401.0096624837004	320.84074135482433	201.74207758658633	13.739739102768056	15.521633150517976	17.540831588393658	19.824291742013262	21.70842621489077	12.35878149680331	0.09176621706368893	0.10884687915810663	0.10941917554736011	0.12085884945259205	0.14304090118360424	0.07587140939698621
ACC	Thr	T	4742	4931	4976	4959	3338	4025	62629	74554	82698	89787	73264	54588	306.1310624682489	368.75913984533696	417.94120843343933	441.90586346894565	441.26370289131796	276.18196991261885	13.207296499367356	15.119448387750964	16.619372990353696	18.105868118572293	21.948472139005393	13.56223602484472	0.06455737293720981	0.07478384503048813	0.08399140040864939	0.0891118901933748	0.1321940392124979	0.06861663848760717
GTT	Val	V	2488	2565	2737	2622	1668	2153	26691	32867	39000	39954	29749	24947	184.8813656908825	227.70907586844464	239.34749841672385	255.92531651277267	246.01658317777225	165.03980068382137	10.727893890675242	12.81364522417154	14.249177932042382	15.237986270022883	17.835131894484412	11.587087784486762	0.07430923058315213	0.08877546817483221	0.08744884852638796	0.0976069094251612	0.14749195634159007	0.0766557364996848
GTG	Val	V	6277	6566	6922	6676	3900	5553	75689	91211	113486	121458	87074	79172	421.00235702875176	512.7262013326828	610.1670221298336	641.6745144315718	520.897356807122	425.2952150667916	12.058148797196113	13.891410295461467	16.394972551285754	18.19322947872978	22.326666666666668	14.257518458490905	0.06707063199438454	0.07808805990445976	0.08814894858853418	0.09611661390526839	0.133563424822339	0.07658836936192898
GTC	Val	V	3179	3333	3562	3467	2090	2909	45750	54579	71624	74025	55898	52439	224.89360165953238	268.36720104056127	330.0982067964801	341.0379306959127	268.72397465997943	233.34950737893237	14.391318024536018	16.375337533753374	20.107804604154968	21.35131237381021	26.745454545454546	18.026469577174286	0.07074350476864812	0.08051821213338171	0.09267215238531165	0.0983668678096085	0.12857606443061217	0.08021639992400563
GTA	Val	V	1765	1857	1821	1833	1123	1403	24110	29670	32295	32454	24365	20346	199.966645494502	238.40996284856536	249.51986749833688	256.22226492607183	175.7542567793781	128.52581544531938	13.660056657223796	15.977382875605816	17.73476112026359	17.70540098199673	21.69634906500445	14.501781895937278	0.11329554985524191	0.12838447110854354	0.13702354063609934	0.13978301414406538	0.15650423577860917	0.09160785135090477
TGG	Trp	W	3104	3324	3254	3125	2067	2587	50309	61955	70656	72497	55042	39652	386.29478093861906	485.95153758608996	495.5774711376222	496.4950244084857	415.6267410013783	298.0019727951348	16.207796391752577	18.638688327316487	21.71358328211432	23.19904	26.628930817610062	15.327406262079629	0.12445063818898809	0.1461948067346841	0.15229793212588266	0.1588784078107154	0.20107728156815594	0.11519210390225543
TAT	Tyr	Y	2889	3003	2975	2923	1999	2385	33844	41869	43590	45486	36329	26351	201.54084920206546	242.79067503063737	258.48288780508454	269.9608257092317	221.21100243449334	164.36642566925073	11.71478020076151	13.942390942390942	14.652100840336134	15.561409510776599	18.173586793396698	11.048637316561845	0.06976145697544668	0.08084937563457788	0.0868850043042301	0.09235744978078403	0.1106608316330632	0.06891674032253699
TAC	Tyr	Y	3919	4167	4061	3956	2883	3624	60663	73797	75180	79458	71342	55190	320.23527526856117	384.07492712817606	403.3367846078315	404.92686110021344	437.28743014491783	311.84760732631077	15.479203878540444	17.709863210943123	18.512681605515883	20.085439838220424	24.7457509538675	15.229028697571744	0.08171351754747669	0.09217060886205329	0.09931957266875929	0.1023576494186586	0.1516779154162046	0.08605066427326456
