Sample	Length	Plus_Count	Minus_Count	Plus_Ratio	Minus_Ratio
elp6d_ribo_YPD1	25	28308	21	0.1566	0.1565
elp6d_ribo_YPD1	26	51069	37	0.2825	0.2758
elp6d_ribo_YPD1	27	86252	83	0.4772	0.6187
elp6d_ribo_YPD1	28	132650	186	0.7339	1.3864
elp6d_ribo_YPD1	29	587117	602	3.2482	4.4872
elp6d_ribo_YPD1	30	2523155	2257	13.9593	16.8232
elp6d_ribo_YPD1	31	5856461	4301	32.4006	32.0587
elp6d_ribo_YPD1	32	6181890	4238	34.2011	31.5891
elp6d_ribo_YPD1	33	2396447	1524	13.2582	11.3596
elp6d_ribo_YPD1	34	214245	152	1.1853	1.133
elp6d_ribo_YPD1	35	14773	14	0.0817	0.1044
elp6d_ribo_YPD1	36	2367	0	0.0131	0.0
elp6d_ribo_YPD1	37	283	1	0.0016	0.0075
elp6d_ribo_YPD1	38	32	0	0.0002	0.0
elp6d_ribo_YPD1	39	13	0	0.0001	0.0
elp6d_ribo_YPD1	40	11	0	0.0001	0.0
elp6d_ribo_YPD1	41	8	0	0.0	0.0
elp6d_ribo_YPD1	42	10	0	0.0001	0.0
elp6d_ribo_YPD1	43	5	0	0.0	0.0
elp6d_ribo_YPD1	44	7	0	0.0	0.0
elp6d_ribo_YPD1	45	11	0	0.0001	0.0
elp6d_ribo_YPD1	46	16	0	0.0001	0.0
elp6d_ribo_YPD1	47	8	0	0.0	0.0
elp6d_ribo_YPD1	48	1	0	0.0	0.0
elp6d_ribo_YPD2	25	30990	25	0.2241	0.2477
elp6d_ribo_YPD2	26	53704	49	0.3884	0.4855
elp6d_ribo_YPD2	27	86538	64	0.6259	0.6341
elp6d_ribo_YPD2	28	166086	291	1.2013	2.8832
elp6d_ribo_YPD2	29	1005912	882	7.2757	8.7387
elp6d_ribo_YPD2	30	3333022	2669	24.1076	26.4441
elp6d_ribo_YPD2	31	5579627	3832	40.3572	37.9669
elp6d_ribo_YPD2	32	2975229	1917	21.5197	18.9934
elp6d_ribo_YPD2	33	557504	341	4.0324	3.3786
elp6d_ribo_YPD2	34	32678	20	0.2364	0.1982
elp6d_ribo_YPD2	35	3945	2	0.0285	0.0198
elp6d_ribo_YPD2	36	249	1	0.0018	0.0099
elp6d_ribo_YPD2	37	32	0	0.0002	0.0
elp6d_ribo_YPD2	38	5	0	0.0	0.0
elp6d_ribo_YPD2	39	3	0	0.0	0.0
elp6d_ribo_YPD2	40	15	0	0.0001	0.0
elp6d_ribo_YPD2	41	5	0	0.0	0.0
elp6d_ribo_YPD2	42	6	0	0.0	0.0
elp6d_ribo_YPD2	43	7	0	0.0001	0.0
elp6d_ribo_YPD2	44	2	0	0.0	0.0
elp6d_ribo_YPD2	45	11	0	0.0001	0.0
elp6d_ribo_YPD2	46	19	0	0.0001	0.0
elp6d_ribo_YPD2	47	1	0	0.0	0.0
elp6d_ribo_YPD3	25	10943	10	0.0817	0.1141
elp6d_ribo_YPD3	26	15573	11	0.1162	0.1255
elp6d_ribo_YPD3	27	25995	23	0.194	0.2625
elp6d_ribo_YPD3	28	44014	64	0.3285	0.7303
elp6d_ribo_YPD3	29	267654	315	1.9977	3.5947
elp6d_ribo_YPD3	30	1537060	1222	11.4721	13.945
elp6d_ribo_YPD3	31	4551362	2987	33.97	34.0865
elp6d_ribo_YPD3	32	4902656	2940	36.5919	33.5502
elp6d_ribo_YPD3	33	1875231	1067	13.9961	12.1762
elp6d_ribo_YPD3	34	147526	100	1.1011	1.1412
elp6d_ribo_YPD3	35	17538	17	0.1309	0.194
elp6d_ribo_YPD3	36	2319	4	0.0173	0.0456
elp6d_ribo_YPD3	37	177	0	0.0013	0.0
elp6d_ribo_YPD3	38	23	0	0.0002	0.0
elp6d_ribo_YPD3	39	13	1	0.0001	0.0114
elp6d_ribo_YPD3	40	16	0	0.0001	0.0
elp6d_ribo_YPD3	41	12	1	0.0001	0.0114
elp6d_ribo_YPD3	42	11	0	0.0001	0.0
elp6d_ribo_YPD3	43	5	0	0.0	0.0
elp6d_ribo_YPD3	44	13	0	0.0001	0.0
elp6d_ribo_YPD3	45	17	0	0.0001	0.0
elp6d_ribo_YPD3	46	22	0	0.0002	0.0
elp6d_ribo_YPD3	47	12	1	0.0001	0.0114
elp6d_ribo_YPD3	48	1	0	0.0	0.0
ncs2d_elp6d_ribo_YPD1	25	44008	48	0.2149	0.2919
ncs2d_elp6d_ribo_YPD1	26	77354	70	0.3777	0.4257
ncs2d_elp6d_ribo_YPD1	27	176756	210	0.863	1.2772
ncs2d_elp6d_ribo_YPD1	28	333837	555	1.6299	3.3755
ncs2d_elp6d_ribo_YPD1	29	1322173	1170	6.4554	7.1159
ncs2d_elp6d_ribo_YPD1	30	3807303	3441	18.5889	20.9281
ncs2d_elp6d_ribo_YPD1	31	7092113	5486	34.6268	33.3658
ncs2d_elp6d_ribo_YPD1	32	5853843	4284	28.581	26.0552
ncs2d_elp6d_ribo_YPD1	33	1660737	1087	8.1084	6.6111
ncs2d_elp6d_ribo_YPD1	34	103847	81	0.507	0.4926
ncs2d_elp6d_ribo_YPD1	35	8441	10	0.0412	0.0608
ncs2d_elp6d_ribo_YPD1	36	1052	0	0.0051	0.0
ncs2d_elp6d_ribo_YPD1	37	124	0	0.0006	0.0
ncs2d_elp6d_ribo_YPD1	38	6	0	0.0	0.0
ncs2d_elp6d_ribo_YPD1	39	2	0	0.0	0.0
ncs2d_elp6d_ribo_YPD1	40	1	0	0.0	0.0
ncs2d_elp6d_ribo_YPD1	41	2	0	0.0	0.0
ncs2d_elp6d_ribo_YPD2	25	58220	59	0.3209	0.3788
ncs2d_elp6d_ribo_YPD2	26	108990	101	0.6007	0.6485
ncs2d_elp6d_ribo_YPD2	27	230042	247	1.2679	1.5859
ncs2d_elp6d_ribo_YPD2	28	380458	528	2.0969	3.39
ncs2d_elp6d_ribo_YPD2	29	979929	1101	5.4009	7.069
ncs2d_elp6d_ribo_YPD2	30	2697024	2863	14.8646	18.382
ncs2d_elp6d_ribo_YPD2	31	5642091	4617	31.0963	29.6437
ncs2d_elp6d_ribo_YPD2	32	5789534	4368	31.9089	28.0449
ncs2d_elp6d_ribo_YPD2	33	2030463	1497	11.1909	9.6116
ncs2d_elp6d_ribo_YPD2	34	209846	178	1.1566	1.1429
ncs2d_elp6d_ribo_YPD2	35	14976	16	0.0825	0.1027
ncs2d_elp6d_ribo_YPD2	36	2144	0	0.0118	0.0
ncs2d_elp6d_ribo_YPD2	37	209	0	0.0012	0.0
ncs2d_elp6d_ribo_YPD2	38	21	0	0.0001	0.0
ncs2d_elp6d_ribo_YPD2	39	3	0	0.0	0.0
ncs2d_elp6d_ribo_YPD3	25	39601	30	0.1544	0.1479
ncs2d_elp6d_ribo_YPD3	26	76713	76	0.299	0.3747
ncs2d_elp6d_ribo_YPD3	27	225335	187	0.8783	0.922
ncs2d_elp6d_ribo_YPD3	28	520860	710	2.0302	3.5005
ncs2d_elp6d_ribo_YPD3	29	1701428	1705	6.6317	8.4061
ncs2d_elp6d_ribo_YPD3	30	4658237	4428	18.1565	21.8311
ncs2d_elp6d_ribo_YPD3	31	8858132	6598	34.5265	32.5297
ncs2d_elp6d_ribo_YPD3	32	7408486	5187	28.8762	25.5731
ncs2d_elp6d_ribo_YPD3	33	2042280	1266	7.9602	6.2417
ncs2d_elp6d_ribo_YPD3	34	114218	84	0.4452	0.4141
ncs2d_elp6d_ribo_YPD3	35	9642	10	0.0376	0.0493
ncs2d_elp6d_ribo_YPD3	36	1042	2	0.0041	0.0099
ncs2d_elp6d_ribo_YPD3	37	83	0	0.0003	0.0
ncs2d_elp6d_ribo_YPD3	38	8	0	0.0	0.0
ncs2d_elp6d_ribo_YPD3	39	1	0	0.0	0.0
ncs2d_ribo_YPD1	25	29595	30	0.1299	0.2009
ncs2d_ribo_YPD1	26	51969	63	0.2281	0.4219
ncs2d_ribo_YPD1	27	96091	69	0.4218	0.4621
ncs2d_ribo_YPD1	28	473418	509	2.0782	3.4088
ncs2d_ribo_YPD1	29	5377165	3076	23.6044	20.6001
ncs2d_ribo_YPD1	30	8860109	6272	38.8936	42.0038
ncs2d_ribo_YPD1	31	6125922	3885	26.8912	26.0179
ncs2d_ribo_YPD1	32	1627093	946	7.1425	6.3354
ncs2d_ribo_YPD1	33	135228	80	0.5936	0.5358
ncs2d_ribo_YPD1	34	3275	1	0.0144	0.0067
ncs2d_ribo_YPD1	35	417	1	0.0018	0.0067
ncs2d_ribo_YPD1	36	70	0	0.0003	0.0
ncs2d_ribo_YPD1	37	9	0	0.0	0.0
ncs2d_ribo_YPD1	38	1	0	0.0	0.0
ncs2d_ribo_YPD1	39	1	0	0.0	0.0
ncs2d_ribo_YPD2	25	28260	16	0.1395	0.1152
ncs2d_ribo_YPD2	26	45560	37	0.2248	0.2663
ncs2d_ribo_YPD2	27	75438	52	0.3723	0.3743
ncs2d_ribo_YPD2	28	254315	354	1.2551	2.548
ncs2d_ribo_YPD2	29	2858196	1870	14.1056	13.46
ncs2d_ribo_YPD2	30	6561333	4737	32.3812	34.0963
ncs2d_ribo_YPD2	31	6904004	4658	34.0723	33.5277
ncs2d_ribo_YPD2	32	3026943	1855	14.9384	13.352
ncs2d_ribo_YPD2	33	494672	298	2.4413	2.145
ncs2d_ribo_YPD2	34	12774	14	0.063	0.1008
ncs2d_ribo_YPD2	35	1106	2	0.0055	0.0144
ncs2d_ribo_YPD2	36	177	0	0.0009	0.0
ncs2d_ribo_YPD2	37	28	0	0.0001	0.0
ncs2d_ribo_YPD2	38	3	0	0.0	0.0
ncs2d_ribo_YPD3	25	20668	7	0.186	0.0971
ncs2d_ribo_YPD3	26	30351	16	0.2732	0.222
ncs2d_ribo_YPD3	27	70252	60	0.6323	0.8324
ncs2d_ribo_YPD3	28	141882	157	1.2769	2.1781
ncs2d_ribo_YPD3	29	686979	483	6.1827	6.7009
ncs2d_ribo_YPD3	30	2078432	1545	18.7055	21.4345
ncs2d_ribo_YPD3	31	3651127	2267	32.8594	31.4512
ncs2d_ribo_YPD3	32	3267707	1986	29.4087	27.5527
ncs2d_ribo_YPD3	33	1065882	611	9.5927	8.4767
ncs2d_ribo_YPD3	34	93259	68	0.8393	0.9434
ncs2d_ribo_YPD3	35	4107	8	0.037	0.111
ncs2d_ribo_YPD3	36	626	0	0.0056	0.0
ncs2d_ribo_YPD3	37	76	0	0.0007	0.0
ncs2d_ribo_YPD3	38	9	0	0.0001	0.0
ncs2d_ribo_YPD3	39	2	0	0.0	0.0
wt_ribo_YPD1	25	18256	11	0.0975	0.1084
wt_ribo_YPD1	26	35462	26	0.1895	0.2562
wt_ribo_YPD1	27	85176	45	0.4551	0.4434
wt_ribo_YPD1	28	591796	403	3.1618	3.9712
wt_ribo_YPD1	29	4012050	2012	21.435	19.8266
wt_ribo_YPD1	30	7370613	4192	39.3787	41.3086
wt_ribo_YPD1	31	5286374	2806	28.2433	27.6508
wt_ribo_YPD1	32	1236126	616	6.6042	6.0702
wt_ribo_YPD1	33	78974	35	0.4219	0.3449
wt_ribo_YPD1	34	2122	0	0.0113	0.0
wt_ribo_YPD1	35	245	0	0.0013	0.0
wt_ribo_YPD1	36	55	0	0.0003	0.0
wt_ribo_YPD1	37	11	0	0.0001	0.0
wt_ribo_YPD1	38	3	0	0.0	0.0
wt_ribo_YPD1	39	0	2	0.0	0.0197
wt_ribo_YPD1	41	3	0	0.0	0.0
WT_ribo_YPD2	25	27392	19	0.123	0.156
WT_ribo_YPD2	26	62702	39	0.2816	0.3202
WT_ribo_YPD2	27	150457	100	0.6757	0.821
WT_ribo_YPD2	28	1032919	652	4.6389	5.3526
WT_ribo_YPD2	29	5315148	2671	23.8705	21.9276
WT_ribo_YPD2	30	8158123	4542	36.6383	37.2876
WT_ribo_YPD2	31	5889637	3263	26.4505	26.7876
WT_ribo_YPD2	32	1513525	828	6.7973	6.7975
WT_ribo_YPD2	33	114470	65	0.5141	0.5336
WT_ribo_YPD2	34	1994	2	0.009	0.0164
WT_ribo_YPD2	35	201	0	0.0009	0.0
WT_ribo_YPD2	36	46	0	0.0002	0.0
WT_ribo_YPD2	37	8	0	0.0	0.0
WT_ribo_YPD2	38	5	0	0.0	0.0
WT_ribo_YPD2	39	3	0	0.0	0.0
WT_ribo_YPD2	40	6	0	0.0	0.0
WT_ribo_YPD2	41	2	0	0.0	0.0
WT_ribo_YPD2	42	4	0	0.0	0.0
WT_ribo_YPD2	43	1	0	0.0	0.0
WT_ribo_YPD3	25	32571	22	0.2737	0.3065
WT_ribo_YPD3	26	49890	39	0.4192	0.5433
WT_ribo_YPD3	27	104614	80	0.879	1.1145
WT_ribo_YPD3	28	232563	217	1.9541	3.0231
WT_ribo_YPD3	29	1325812	777	11.14	10.8247
WT_ribo_YPD3	30	3257102	1997	27.3674	27.8211
WT_ribo_YPD3	31	4411721	2581	37.0689	35.9571
WT_ribo_YPD3	32	2124986	1269	17.8549	17.679
WT_ribo_YPD3	33	351239	189	2.9512	2.633
WT_ribo_YPD3	34	9889	5	0.0831	0.0697
WT_ribo_YPD3	35	803	1	0.0067	0.0139
WT_ribo_YPD3	36	112	0	0.0009	0.0
WT_ribo_YPD3	37	40	1	0.0003	0.0139
WT_ribo_YPD3	38	15	0	0.0001	0.0
WT_ribo_YPD3	39	14	0	0.0001	0.0
WT_ribo_YPD3	40	13	0	0.0001	0.0
WT_ribo_YPD3	41	3	0	0.0	0.0
WT_ribo_YPD3	42	1	0	0.0	0.0
WT_ribo_YPD3	43	2	0	0.0	0.0
WT_ribo_YPD3	44	2	0	0.0	0.0
WT_ribo_YPD3	45	3	0	0.0	0.0
