Sample	Model	Length	Frame0	Rpfs0	Frame1	Rpfs1	Frame2	Rpfs2	P_site	Rpfs	Periodicity	Ribo
R_GR_in_01d_1	Frame	27	12	575413	10	389031	11	554113	13	1518557	37.89	first
R_GR_in_01d_1	Frame	28	12	981109	10	879776	11	851994	13	2712879	36.16	first
R_GR_in_01d_1	Frame	29	11	2300922	12	1410771	13	1562794	12	5274487	43.62	first
R_GR_in_01d_1	Frame	30	11	4105342	12	3676551	13	1547345	12	9329238	44.01	first
R_GR_in_01d_1	Frame	31	12	5827898	13	3078809	14	2125018	13	11031725	52.83	first
R_GR_in_01d_1	Frame	32	13	3586361	14	1494844	12	1791640	14	6872845	52.18	first
R_GR_in_01d_1	Frame	33	14	831457	15	272324	13	576131	15	1679912	49.49	first
R_GR_in_01d_1	Frame	34	14	98713	15	67011	13	40119	15	205843	47.96	first
R_GR_in_01d_2	Frame	27	12	706927	10	477217	11	618103	13	1802247	39.22	first
R_GR_in_01d_2	Frame	28	11	1249400	12	1133371	10	1159756	12	3542527	35.27	first
R_GR_in_01d_2	Frame	29	11	3272033	12	2107114	13	1664123	12	7043270	46.46	first
R_GR_in_01d_2	Frame	30	12	4882410	13	1917229	11	3660846	13	10460485	46.67	first
R_GR_in_01d_2	Frame	31	12	4170132	13	3434541	14	1453892	13	9058565	46.04	first
R_GR_in_01d_2	Frame	32	13	1921464	14	1114566	12	699935	14	3735965	51.43	first
R_GR_in_01d_2	Frame	33	14	330514	15	104395	13	158303	15	593212	55.72	first
R_GR_in_01d_2	Frame	34	14	29581	15	22851	13	12060	15	64492	45.87	first
R_GR_in_01d_3	Frame	27	12	737471	10	648779	11	730919	13	2117169	34.83	first
R_GR_in_01d_3	Frame	28	11	1937616	12	1342940	10	1270792	12	4551348	42.57	first
R_GR_in_01d_3	Frame	29	11	3278386	12	3177644	13	1542023	12	7998053	40.99	first
R_GR_in_01d_3	Frame	30	12	4546982	13	2505533	11	2172680	13	9225195	49.29	first
R_GR_in_01d_3	Frame	31	13	2732829	14	1017159	12	1896864	14	5646852	48.4	first
R_GR_in_01d_3	Frame	32	13	643965	14	547732	12	194219	14	1385916	46.46	first
R_GR_in_01d_3	Frame	33	14	90304	15	33676	13	34759	15	158739	56.89	first
R_GR_in_01d_3	Frame	34	14	6136	15	5378	13	3439	15	14953	41.04	first
R_GR_un_01d_1	Frame	27	11	424468	12	423147	10	257696	12	1105311	38.4	first
R_GR_un_01d_1	Frame	28	12	750610	10	672586	11	663436	13	2086632	35.97	first
R_GR_un_01d_1	Frame	29	11	1890904	12	1082729	13	1211610	12	4185243	45.18	first
R_GR_un_01d_1	Frame	30	11	3316512	12	2899759	13	1155832	12	7372103	44.99	first
R_GR_un_01d_1	Frame	31	12	4241023	13	2217965	14	1539492	13	7998480	53.02	first
R_GR_un_01d_1	Frame	32	13	2407212	14	1025447	12	1155412	14	4588071	52.47	first
R_GR_un_01d_1	Frame	33	14	562180	15	184527	13	376839	15	1123546	50.04	first
R_GR_un_01d_1	Frame	34	14	65835	15	47115	13	24289	15	137239	47.97	first
R_GR_un_01d_2	Frame	27	12	415531	10	289552	11	370952	13	1076035	38.62	first
R_GR_un_01d_2	Frame	28	11	821566	12	731280	10	749359	12	2302205	35.69	first
R_GR_un_01d_2	Frame	29	11	2160323	12	1412641	13	1106373	12	4679337	46.17	first
R_GR_un_01d_2	Frame	30	12	3405899	13	1352496	11	2607109	13	7365504	46.24	first
R_GR_un_01d_2	Frame	31	12	3135661	13	2523954	14	1084613	13	6744228	46.49	first
R_GR_un_01d_2	Frame	32	13	1559554	14	864710	12	558961	14	2983225	52.28	first
R_GR_un_01d_2	Frame	33	14	273315	15	87432	13	136816	15	497563	54.93	first
R_GR_un_01d_2	Frame	34	14	25886	15	19734	13	10614	15	56234	46.03	first
R_GR_un_01d_3	Frame	27	12	646695	10	417694	11	624213	13	1688602	38.3	first
R_GR_un_01d_3	Frame	28	12	1121404	10	1058920	11	1044826	13	3225150	34.77	first
R_GR_un_01d_3	Frame	29	11	2951960	12	1682820	13	1769599	12	6404379	46.09	first
R_GR_un_01d_3	Frame	30	11	4466767	12	4358593	13	1658099	12	10483459	42.61	first
R_GR_un_01d_3	Frame	31	12	5022455	13	3003727	14	1625013	13	9651195	52.04	first
R_GR_un_01d_3	Frame	32	13	2073557	14	931022	12	920173	14	3924752	52.83	first
R_GR_un_01d_3	Frame	33	14	321321	15	102690	13	184829	15	608840	52.78	first
R_GR_un_01d_3	Frame	34	14	35047	15	23020	13	13120	15	71187	49.23	first
R_GR_in_02d_1	Frame	27	11	984090	12	471414	10	824045	12	2279549	43.17	first
R_GR_in_02d_1	Frame	28	11	2279266	12	1355485	10	611503	12	4246254	53.68	first
R_GR_in_02d_1	Frame	29	12	2935504	13	839217	11	1322725	13	5097446	57.59	first
R_GR_in_02d_1	Frame	30	12	1546223	13	1504595	11	522192	13	3573010	43.28	first
R_GR_in_02d_1	Frame	31	13	708560	14	310145	12	368038	14	1386743	51.1	first
R_GR_in_02d_1	Frame	32	13	125423	14	101504	12	37555	14	264482	47.42	first
R_GR_in_02d_1	Frame	33	14	10256	15	5453	13	6324	15	22033	46.55	first
R_GR_in_02d_1	Frame	34	14	811	15	700	13	678	15	2189	37.05	first
R_GR_in_02d_2	Frame	27	11	746687	12	474666	10	718171	12	1939524	38.5	first
R_GR_in_02d_2	Frame	28	11	2183059	12	1145911	10	720319	12	4049289	53.91	first
R_GR_in_02d_2	Frame	29	12	3087140	13	876879	11	1816839	13	5780858	53.4	first
R_GR_in_02d_2	Frame	30	12	2395722	13	1826011	11	875995	13	5097728	47.0	first
R_GR_in_02d_2	Frame	31	13	1262554	14	519586	12	766902	14	2549042	49.53	first
R_GR_in_02d_2	Frame	32	13	308299	14	245056	12	82699	14	636054	48.47	first
R_GR_in_02d_2	Frame	33	14	32506	15	13518	13	15568	15	61592	52.78	first
R_GR_in_02d_2	Frame	34	15	1872	13	1435	14	1773	16	5080	36.85	first
R_GR_in_02d_3	Frame	27	11	2360249	12	810967	10	1511294	12	4682510	50.41	first
R_GR_in_02d_3	Frame	28	11	4340346	12	3356374	10	936958	12	8633678	50.27	first
R_GR_in_02d_3	Frame	29	12	5654595	13	2026834	11	1696571	13	9378000	60.3	first
R_GR_in_02d_3	Frame	30	13	3038514	11	721387	12	1876163	14	5636064	53.91	first
R_GR_in_02d_3	Frame	31	13	847110	14	509947	12	321897	14	1678954	50.45	first
R_GR_in_02d_3	Frame	32	14	92675	12	37767	13	92404	15	222846	41.59	first
R_GR_in_02d_3	Frame	33	14	7419	15	5147	13	5357	15	17923	41.39	first
R_GR_in_02d_3	Frame	34	13	869	14	840	15	851	14	2560	33.95	first
R_GR_un_02d_1	Frame	27	12	443421	10	323904	11	403441	13	1170766	37.87	first
R_GR_un_02d_1	Frame	28	11	946409	12	699231	10	690209	12	2335849	40.52	first
R_GR_un_02d_1	Frame	29	11	1946163	12	1427077	13	877144	12	4250384	45.79	first
R_GR_un_02d_1	Frame	30	12	2786790	13	1090864	11	2005151	13	5882805	47.37	first
R_GR_un_02d_1	Frame	31	12	2655602	13	1854447	14	886319	13	5396368	49.21	first
R_GR_un_02d_1	Frame	32	13	1611968	14	799548	12	659233	14	3070749	52.49	first
R_GR_un_02d_1	Frame	33	14	535642	15	146654	13	306226	15	988522	54.19	first
R_GR_un_02d_1	Frame	34	14	58012	15	38125	13	22524	15	118661	48.89	first
R_GR_un_02d_2	Frame	27	12	433862	10	343736	11	370197	13	1147795	37.8	first
R_GR_un_02d_2	Frame	28	11	1004779	12	719605	10	787655	12	2512039	40.0	first
R_GR_un_02d_2	Frame	29	11	2323361	12	1610078	13	1038161	12	4971600	46.73	first
R_GR_un_02d_2	Frame	30	12	3518225	13	1280602	11	2537825	13	7336652	47.95	first
R_GR_un_02d_2	Frame	31	12	3188486	13	2231325	14	1017220	13	6437031	49.53	first
R_GR_un_02d_2	Frame	32	13	1527763	14	736540	12	560617	14	2824920	54.08	first
R_GR_un_02d_2	Frame	33	14	275818	15	84718	13	169350	15	529886	52.05	first
R_GR_un_02d_2	Frame	34	14	19865	15	17219	13	11205	15	48289	41.14	first
R_GR_un_02d_3	Frame	27	12	427782	10	338621	11	371164	13	1137567	37.6	first
R_GR_un_02d_3	Frame	28	11	879914	12	641515	10	696475	12	2217904	39.67	first
R_GR_un_02d_3	Frame	29	11	1847300	12	1296059	13	839670	12	3983029	46.38	first
R_GR_un_02d_3	Frame	30	12	2580893	13	960408	11	1842617	13	5383918	47.94	first
R_GR_un_02d_3	Frame	31	12	1964750	13	1493355	14	628574	13	4086679	48.08	first
R_GR_un_02d_3	Frame	32	13	798247	14	395537	12	254659	14	1448443	55.11	first
R_GR_un_02d_3	Frame	33	14	99347	15	29552	13	57036	15	185935	53.43	first
R_GR_un_02d_3	Frame	34	14	6828	15	5749	13	3251	15	15828	43.14	first
R_GR_in_04d_1	Frame	27	12	318200	10	203670	11	312570	13	834440	38.13	first
R_GR_in_04d_1	Frame	28	12	717001	10	633190	11	660016	13	2010207	35.67	first
R_GR_in_04d_1	Frame	29	11	1936995	12	1164206	13	1260929	12	4362130	44.4	first
R_GR_in_04d_1	Frame	30	11	3314348	12	2940926	13	1269961	12	7525235	44.04	first
R_GR_in_04d_1	Frame	31	12	3547218	13	2102893	14	1347261	13	6997372	50.69	first
R_GR_in_04d_1	Frame	32	13	1394846	14	679762	12	703355	14	2777963	50.21	first
R_GR_in_04d_1	Frame	33	14	280279	15	93522	13	165340	15	539141	51.99	first
R_GR_in_04d_1	Frame	34	14	54129	15	32477	13	21349	15	107955	50.14	first
R_GR_in_04d_2	Frame	27	12	527275	10	395507	11	449357	13	1372139	38.43	first
R_GR_in_04d_2	Frame	28	11	1007815	12	864553	10	906023	12	2778391	36.27	first
R_GR_in_04d_2	Frame	29	11	2239433	12	1716658	13	1241945	12	5198036	43.08	first
R_GR_in_04d_2	Frame	30	12	3249187	13	1641644	11	2147762	13	7038593	46.16	first
R_GR_in_04d_2	Frame	31	13	2188568	14	919290	12	2073291	14	5181149	42.24	first
R_GR_in_04d_2	Frame	32	13	775589	14	533335	12	290501	14	1599425	48.49	first
R_GR_in_04d_2	Frame	33	14	172556	15	57498	13	78210	15	308264	55.98	first
R_GR_in_04d_2	Frame	34	14	26212	15	19022	13	9999	15	55233	47.46	first
R_GR_in_04d_3	Frame	27	12	886901	10	613286	11	742998	13	2243185	39.54	first
R_GR_in_04d_3	Frame	28	11	1252416	12	1031835	10	1144156	12	3428407	36.53	first
R_GR_in_04d_3	Frame	29	11	2320862	12	1616627	13	1182513	12	5120002	45.33	first
R_GR_in_04d_3	Frame	30	12	2311383	13	1131402	11	1582162	13	5024947	46.0	first
R_GR_in_04d_3	Frame	31	13	988734	14	447278	12	946456	14	2382468	41.5	first
R_GR_in_04d_3	Frame	32	13	233855	14	179771	12	95177	14	508803	45.96	first
R_GR_in_04d_3	Frame	33	14	60170	15	19687	13	25404	15	105261	57.16	first
R_GR_in_04d_3	Frame	34	14	7964	15	5354	13	2757	15	16075	49.54	first
R_GR_un_04d_1	Frame	27	11	434792	12	383868	10	253813	12	1072473	40.54	first
R_GR_un_04d_1	Frame	28	12	801067	10	757152	11	751077	13	2309296	34.69	first
R_GR_un_04d_1	Frame	29	11	2066864	12	1206823	13	1263773	12	4537460	45.55	first
R_GR_un_04d_1	Frame	30	11	2657938	12	2569707	13	1120034	12	6347679	41.87	first
R_GR_un_04d_1	Frame	31	12	2075273	13	1289423	14	823327	13	4188023	49.55	first
R_GR_un_04d_1	Frame	32	13	576974	14	253993	12	335716	14	1166683	49.45	first
R_GR_un_04d_1	Frame	33	14	170287	15	47067	13	81652	15	299006	56.95	first
R_GR_un_04d_1	Frame	34	14	34677	15	10808	13	9171	15	54656	63.45	first
R_GR_un_04d_2	Frame	27	12	518622	10	352624	11	472354	13	1343600	38.6	first
R_GR_un_04d_2	Frame	28	11	897735	12	867516	10	848100	12	2613351	34.35	first
R_GR_un_04d_2	Frame	29	11	2161535	12	1361732	13	1292199	12	4815466	44.89	first
R_GR_un_04d_2	Frame	30	12	2611562	13	1153038	11	2321061	13	6085661	42.91	first
R_GR_un_04d_2	Frame	31	12	1872769	13	1318976	14	681214	13	3872959	48.35	first
R_GR_un_04d_2	Frame	32	13	496249	14	273370	12	244002	14	1013621	48.96	first
R_GR_un_04d_2	Frame	33	14	141872	15	43671	13	77344	15	262887	53.97	first
R_GR_un_04d_2	Frame	34	14	27160	15	16870	13	10895	15	54925	49.45	first
R_GR_un_04d_3	Frame	27	12	516336	10	350081	11	448805	13	1315222	39.26	first
R_GR_un_04d_3	Frame	28	11	925114	12	825179	10	833442	12	2583735	35.81	first
R_GR_un_04d_3	Frame	29	11	2165057	12	1380881	13	1192902	12	4738840	45.69	first
R_GR_un_04d_3	Frame	30	12	2523779	13	1112916	11	2048638	13	5685333	44.39	first
R_GR_un_04d_3	Frame	31	12	1554016	13	1231141	14	576991	13	3362148	46.22	first
R_GR_un_04d_3	Frame	32	13	413480	14	253407	12	183783	14	850670	48.61	first
R_GR_un_04d_3	Frame	33	14	123420	15	37428	13	62553	15	223401	55.25	first
R_GR_un_04d_3	Frame	34	14	21889	15	15922	13	8147	15	45958	47.63	first
R_GR_in_07d_1	Frame	27	12	869347	10	606520	11	755886	13	2231753	38.95	first
R_GR_in_07d_1	Frame	28	11	1287814	12	1137124	10	1120158	12	3545096	36.33	first
R_GR_in_07d_1	Frame	29	11	2177613	12	1432415	13	1150516	12	4760544	45.74	first
R_GR_in_07d_1	Frame	30	12	1503330	13	694448	11	1191010	13	3388788	44.36	first
R_GR_in_07d_1	Frame	31	12	497022	13	439738	14	252513	13	1189273	41.79	first
R_GR_in_07d_1	Frame	32	13	131139	14	98258	12	69705	14	299102	43.84	first
R_GR_in_07d_1	Frame	33	14	40450	15	12617	13	20615	15	73682	54.9	first
R_GR_in_07d_1	Frame	34	14	5009	15	2699	13	2001	15	9709	51.59	first
R_GR_in_07d_2	Frame	27	12	1136689	10	754730	11	921629	13	2813048	40.41	first
R_GR_in_07d_2	Frame	28	11	1315247	12	1171485	10	1193912	12	3680644	35.73	first
R_GR_in_07d_2	Frame	29	11	2130728	12	1447293	13	1163312	12	4741333	44.94	first
R_GR_in_07d_2	Frame	30	12	1649828	13	791949	11	1280457	13	3722234	44.32	first
R_GR_in_07d_2	Frame	31	13	548214	14	285072	12	545074	14	1378360	39.77	first
R_GR_in_07d_2	Frame	32	13	121174	14	98116	12	58345	14	277635	43.65	first
R_GR_in_07d_2	Frame	33	14	27192	15	9696	13	14046	15	50934	53.39	first
R_GR_in_07d_2	Frame	34	14	2702	15	2198	13	1428	15	6328	42.7	first
R_GR_in_07d_3	Frame	27	12	1136689	10	754730	11	921629	13	2813048	40.41	first
R_GR_in_07d_3	Frame	28	11	1315247	12	1171485	10	1193912	12	3680644	35.73	first
R_GR_in_07d_3	Frame	29	11	2130728	12	1447293	13	1163312	12	4741333	44.94	first
R_GR_in_07d_3	Frame	30	12	1649828	13	791949	11	1280457	13	3722234	44.32	first
R_GR_in_07d_3	Frame	31	13	548214	14	285072	12	545074	14	1378360	39.77	first
R_GR_in_07d_3	Frame	32	13	121174	14	98116	12	58345	14	277635	43.65	first
R_GR_in_07d_3	Frame	33	14	27192	15	9696	13	14046	15	50934	53.39	first
R_GR_in_07d_3	Frame	34	14	2702	15	2198	13	1428	15	6328	42.7	first
R_GR_un_07d_1	Frame	27	12	564309	10	397079	11	491936	13	1453324	38.83	first
R_GR_un_07d_1	Frame	28	11	847185	12	798650	10	768275	12	2414110	35.09	first
R_GR_un_07d_1	Frame	29	11	1729093	12	1312514	13	993743	12	4035350	42.85	first
R_GR_un_07d_1	Frame	30	12	2460841	13	1154355	11	1797042	13	5412238	45.47	first
R_GR_un_07d_1	Frame	31	12	1914490	13	1681176	14	834428	13	4430094	43.22	first
R_GR_un_07d_1	Frame	32	13	984768	14	611142	12	399854	14	1995764	49.34	first
R_GR_un_07d_1	Frame	33	14	241270	15	77135	13	135050	15	453455	53.21	first
R_GR_un_07d_1	Frame	34	14	25002	15	16585	13	10227	15	51814	48.25	first
R_GR_un_07d_2	Frame	27	12	746889	10	483507	11	633527	13	1863923	40.07	first
R_GR_un_07d_2	Frame	28	11	993546	12	931547	10	871786	12	2796879	35.52	first
R_GR_un_07d_2	Frame	29	11	1925528	12	1298195	13	1057730	12	4281453	44.97	first
R_GR_un_07d_2	Frame	30	12	2272794	13	959270	11	1942680	13	5174744	43.92	first
R_GR_un_07d_2	Frame	31	12	1451056	13	1136696	14	638265	13	3226017	44.98	first
R_GR_un_07d_2	Frame	32	13	478932	14	292072	12	217751	14	988755	48.44	first
R_GR_un_07d_2	Frame	33	14	82856	15	29511	13	47261	15	159628	51.91	first
R_GR_un_07d_2	Frame	34	14	11604	15	6756	13	4374	15	22734	51.04	first
R_GR_un_07d_3	Frame	27	12	752807	10	526780	11	656621	13	1936208	38.88	first
R_GR_un_07d_3	Frame	28	11	1121145	12	998385	10	964354	12	3083884	36.35	first
R_GR_un_07d_3	Frame	29	11	2078433	12	1491663	13	1123743	12	4693839	44.28	first
R_GR_un_07d_3	Frame	30	12	2341286	13	1072817	11	1741413	13	5155516	45.41	first
R_GR_un_07d_3	Frame	31	12	1141695	13	1128704	14	530708	13	2801107	40.76	first
R_GR_un_07d_3	Frame	32	13	328388	14	226804	12	137760	14	692952	47.39	first
R_GR_un_07d_3	Frame	33	14	58364	15	19428	13	29212	15	107004	54.54	first
R_GR_un_07d_3	Frame	34	14	7119	15	4534	13	2674	15	14327	49.69	first
R_GR_in_10d_1	Frame	27	11	343664	12	327980	10	245782	12	917426	37.46	first
R_GR_in_10d_1	Frame	28	12	635840	10	451710	11	583284	13	1670834	38.06	first
R_GR_in_10d_1	Frame	29	11	1009039	12	984455	13	855697	12	2849191	35.41	first
R_GR_in_10d_1	Frame	30	11	2135928	12	1543581	13	1244454	12	4923963	43.38	first
R_GR_in_10d_1	Frame	31	12	3143042	13	1413360	14	2777351	13	7333753	42.86	first
R_GR_in_10d_1	Frame	32	12	2999159	13	2094648	14	1985340	13	7079147	42.37	first
R_GR_in_10d_1	Frame	33	13	1322046	14	1027517	15	1169008	14	3518571	37.57	first
R_GR_in_10d_1	Frame	34	14	318193	15	223739	13	260908	15	802840	39.63	first
R_GR_in_10d_2	Frame	27	11	126131	12	120310	10	103433	12	349874	36.05	first
R_GR_in_10d_2	Frame	28	12	295199	10	239766	11	248387	13	783352	37.68	first
R_GR_in_10d_2	Frame	29	11	498903	12	466504	13	467391	12	1432798	34.82	first
R_GR_in_10d_2	Frame	30	11	1063094	12	803232	13	675489	12	2541815	41.82	first
R_GR_in_10d_2	Frame	31	12	1692210	13	823836	14	1487560	13	4003606	42.27	first
R_GR_in_10d_2	Frame	32	12	1865424	13	1426794	14	1139946	13	4432164	42.09	first
R_GR_in_10d_2	Frame	33	13	993733	14	789331	15	827514	14	2610578	38.07	first
R_GR_in_10d_2	Frame	34	14	293128	15	214935	13	247968	15	756031	38.77	first
R_GR_in_10d_3	Frame	27	12	239369	10	195801	11	229787	13	664957	36.0	first
R_GR_in_10d_3	Frame	28	12	480284	10	360156	11	408543	13	1248983	38.45	first
R_GR_in_10d_3	Frame	29	11	733597	12	713829	13	668178	12	2115604	34.68	first
R_GR_in_10d_3	Frame	30	11	1477643	12	1101581	13	965325	12	3544549	41.69	first
R_GR_in_10d_3	Frame	31	12	2277343	13	1106497	14	1973255	13	5357095	42.51	first
R_GR_in_10d_3	Frame	32	12	2442456	13	1828289	14	1529178	13	5799923	42.11	first
R_GR_in_10d_3	Frame	33	13	1562879	14	1200999	15	1257990	14	4021868	38.86	first
R_GR_in_10d_3	Frame	34	14	573817	15	391241	13	488811	15	1453869	39.47	first
R_GR_un_10d_1	Frame	27	12	489501	10	298684	11	396261	13	1184446	41.33	first
R_GR_un_10d_1	Frame	28	12	692206	10	670470	11	631237	13	1993913	34.72	first
R_GR_un_10d_1	Frame	29	11	1631935	12	980180	13	1027402	12	3639517	44.84	first
R_GR_un_10d_1	Frame	30	12	2376023	13	987401	11	2311208	13	5674632	41.87	first
R_GR_un_10d_1	Frame	31	12	2416280	13	1646867	14	867849	13	4930996	49.0	first
R_GR_un_10d_1	Frame	32	13	936827	14	470469	12	444368	14	1851664	50.59	first
R_GR_un_10d_1	Frame	33	14	214483	15	73407	13	135621	15	423511	50.64	first
R_GR_un_10d_1	Frame	34	14	47557	15	28681	13	20180	15	96418	49.32	first
R_GR_un_10d_2	Frame	27	12	568076	10	351881	11	461482	13	1381439	41.12	first
R_GR_un_10d_2	Frame	28	12	801432	10	762014	11	702474	13	2265920	35.37	first
R_GR_un_10d_2	Frame	29	11	1731697	12	1084112	13	1216080	12	4031889	42.95	first
R_GR_un_10d_2	Frame	30	11	2740783	12	2564863	13	1157303	12	6462949	42.41	first
R_GR_un_10d_2	Frame	31	12	2885982	13	1797540	14	1100464	13	5783986	49.9	first
R_GR_un_10d_2	Frame	32	13	1073743	14	503896	12	562879	14	2140518	50.16	first
R_GR_un_10d_2	Frame	33	14	213267	15	80264	13	148881	15	442412	48.21	first
R_GR_un_10d_2	Frame	34	14	47947	15	27668	13	21603	15	97218	49.32	first
R_GR_un_10d_3	Frame	27	12	393039	10	219449	11	284906	13	897394	43.8	first
R_GR_un_10d_3	Frame	28	12	495509	10	481409	11	441774	13	1418692	34.93	first
R_GR_un_10d_3	Frame	29	11	1068353	12	669306	13	744068	12	2481727	43.05	first
R_GR_un_10d_3	Frame	30	11	1752234	12	1593939	13	711969	12	4058142	43.18	first
R_GR_un_10d_3	Frame	31	12	2016989	13	1196416	14	788536	13	4001941	50.4	first
R_GR_un_10d_3	Frame	32	13	960293	14	452662	12	517428	14	1930383	49.75	first
R_GR_un_10d_3	Frame	33	14	245208	15	90684	13	174253	15	510145	48.07	first
R_GR_un_10d_3	Frame	34	14	70125	15	39696	13	31301	15	141122	49.69	first
R_GR_in_15d_1	Frame	27	12	637116	10	455459	11	566648	13	1659223	38.4	first
R_GR_in_15d_1	Frame	28	10	1093190	11	991520	12	891188	11	2975898	36.73	first
R_GR_in_15d_1	Frame	29	11	2556614	12	1516740	13	1370872	12	5444226	46.96	first
R_GR_in_15d_1	Frame	30	12	3640347	13	1365365	11	2803212	13	7808924	46.62	first
R_GR_in_15d_1	Frame	31	12	3358735	13	2572654	14	853676	13	6785065	49.5	first
R_GR_in_15d_1	Frame	32	13	1656137	14	700539	12	455686	14	2812362	58.89	first
R_GR_in_15d_1	Frame	33	14	215579	15	54703	13	111394	15	381676	56.48	first
R_GR_in_15d_1	Frame	34	15	9664	13	6607	14	9200	16	25471	37.94	first
R_GR_in_15d_2	Frame	27	12	627928	10	442718	11	586346	13	1656992	37.9	first
R_GR_in_15d_2	Frame	28	10	1005691	11	863856	12	887289	11	2756836	36.48	first
R_GR_in_15d_2	Frame	29	11	2294275	12	1266695	13	1389806	12	4950776	46.34	first
R_GR_in_15d_2	Frame	30	12	3179566	13	1193056	11	3003697	13	7376319	43.11	first
R_GR_in_15d_2	Frame	31	12	3511877	13	2270195	14	961868	13	6743940	52.07	first
R_GR_in_15d_2	Frame	32	13	1730434	14	668502	12	570955	14	2969891	58.27	first
R_GR_in_15d_2	Frame	33	14	218642	15	58131	13	138231	15	415004	52.68	first
R_GR_in_15d_2	Frame	34	14	9564	15	9141	13	5259	15	23964	39.91	first
R_GR_in_15d_3	Frame	27	12	47755	10	36255	11	42082	13	126092	37.87	first
R_GR_in_15d_3	Frame	28	10	88549	11	83440	12	68234	11	240223	36.86	first
R_GR_in_15d_3	Frame	29	11	218389	12	122775	13	109553	12	450717	48.45	first
R_GR_in_15d_3	Frame	30	12	289424	13	108897	11	229829	13	628150	46.08	first
R_GR_in_15d_3	Frame	31	12	256881	13	197621	14	71469	13	525971	48.84	first
R_GR_in_15d_3	Frame	32	13	124390	14	51752	12	36376	14	212518	58.53	first
R_GR_in_15d_3	Frame	33	14	14892	15	4127	13	8704	15	27723	53.72	first
R_GR_in_15d_3	Frame	34	15	705	13	367	14	559	16	1631	43.23	first
R_GR_un_15d_1	Frame	27	12	656341	10	416357	11	552506	13	1625204	40.39	first
R_GR_un_15d_1	Frame	28	10	874118	11	848937	12	809426	11	2532481	34.52	first
R_GR_un_15d_1	Frame	29	11	1917391	12	1272960	13	953953	12	4144304	46.27	first
R_GR_un_15d_1	Frame	30	12	2785374	13	1048665	11	1742123	13	5576162	49.95	first
R_GR_un_15d_1	Frame	31	12	2186582	13	1992087	14	680427	13	4859096	45.0	first
R_GR_un_15d_1	Frame	32	13	1260472	14	709881	12	333932	14	2304285	54.7	first
R_GR_un_15d_1	Frame	33	14	255377	15	61232	13	97745	15	414354	61.63	first
R_GR_un_15d_1	Frame	34	15	10334	13	3602	14	9491	16	23427	44.11	first
R_GR_un_15d_2	Frame	27	12	698272	10	492254	11	562301	13	1752827	39.84	first
R_GR_un_15d_2	Frame	28	11	1143103	12	879987	10	974306	12	2997396	38.14	first
R_GR_un_15d_2	Frame	29	11	2189236	12	1753496	13	968325	12	4911057	44.58	first
R_GR_un_15d_2	Frame	30	12	3173092	13	1360525	11	1520774	13	6054391	52.41	first
R_GR_un_15d_2	Frame	31	13	2197344	14	673136	12	1859786	14	4730266	46.45	first
R_GR_un_15d_2	Frame	32	13	1083329	14	728263	12	234678	14	2046270	52.94	first
R_GR_un_15d_2	Frame	33	14	211752	15	55244	13	66416	15	333412	63.51	first
R_GR_un_15d_2	Frame	34	15	8149	13	2775	14	6392	16	17316	47.06	first
R_GR_un_15d_3	Frame	27	12	453916	10	296401	11	366257	13	1116574	40.65	first
R_GR_un_15d_3	Frame	28	11	718435	12	571043	10	631199	12	1920677	37.41	first
R_GR_un_15d_3	Frame	29	11	1528125	12	1118572	13	645070	12	3291767	46.42	first
R_GR_un_15d_3	Frame	30	12	2285795	13	892899	11	1196311	13	4375005	52.25	first
R_GR_un_15d_3	Frame	31	13	1618258	14	484131	12	1484480	14	3586869	45.12	first
R_GR_un_15d_3	Frame	32	13	810297	14	524240	12	176934	14	1511471	53.61	first
R_GR_un_15d_3	Frame	33	14	135131	15	36518	13	41998	15	213647	63.25	first
R_GR_un_15d_3	Frame	34	15	5259	13	2121	14	4391	16	11771	44.68	first
R_GR_in_20d_1	Frame	27	11	782928	12	667178	10	444472	12	1894578	41.32	first
R_GR_in_20d_1	Frame	28	12	1205841	10	933824	11	904642	13	3044307	39.61	first
R_GR_in_20d_1	Frame	29	11	2688503	12	1380917	13	1983201	12	6052621	44.42	first
R_GR_in_20d_1	Frame	30	11	5870843	12	3783841	13	1554654	12	11209338	52.37	first
R_GR_in_20d_1	Frame	31	12	6566042	13	2493897	14	2200857	13	11260796	58.31	first
R_GR_in_20d_1	Frame	32	13	2787963	14	891388	12	1591625	14	5270976	52.89	first
R_GR_in_20d_1	Frame	33	14	440292	15	154428	13	306993	15	901713	48.83	first
R_GR_in_20d_1	Frame	34	14	39873	15	36124	13	20100	15	96097	41.49	first
R_GR_in_20d_2	Frame	27	11	508091	12	452403	10	330559	12	1291053	39.35	first
R_GR_in_20d_2	Frame	28	12	887382	10	670952	11	692520	13	2250854	39.42	first
R_GR_in_20d_2	Frame	29	11	1964137	12	1154607	13	1587920	12	4706664	41.73	first
R_GR_in_20d_2	Frame	30	11	4764446	12	2954722	13	1440182	12	9159350	52.02	first
R_GR_in_20d_2	Frame	31	12	5903374	13	2229016	14	2267740	13	10400130	56.76	first
R_GR_in_20d_2	Frame	32	13	3010116	14	967911	12	1919075	14	5897102	51.04	first
R_GR_in_20d_2	Frame	33	14	524671	15	213460	13	438496	15	1176627	44.59	first
R_GR_in_20d_2	Frame	34	14	57490	15	36826	13	24492	15	118808	48.39	first
R_GR_in_20d_3	Frame	27	11	466098	12	445090	10	315358	12	1226546	38.0	first
R_GR_in_20d_3	Frame	28	12	808689	10	692731	11	670457	13	2171877	37.23	first
R_GR_in_20d_3	Frame	29	11	1958986	12	1077694	13	1458102	12	4494782	43.58	first
R_GR_in_20d_3	Frame	30	11	4048156	12	2860446	13	1285116	12	8193718	49.41	first
R_GR_in_20d_3	Frame	31	12	4677069	13	2068486	14	1603365	13	8348920	56.02	first
R_GR_in_20d_3	Frame	32	13	2167987	14	720713	12	1226996	14	4115696	52.68	first
R_GR_in_20d_3	Frame	33	14	377123	15	136444	13	268646	15	782213	48.21	first
R_GR_in_20d_3	Frame	34	14	43431	15	34508	13	19873	15	97812	44.4	first
R_GR_un_20d_1	Frame	27	12	1038124	10	793481	11	803884	13	2635489	39.39	first
R_GR_un_20d_1	Frame	28	11	2049945	12	1157511	10	1360117	12	4567573	44.88	first
R_GR_un_20d_1	Frame	29	11	3246101	12	2585660	13	1073943	12	6905704	47.01	first
R_GR_un_20d_1	Frame	30	12	3761999	13	1541409	11	1510054	13	6813462	55.21	first
R_GR_un_20d_1	Frame	31	13	1856135	14	523506	12	1248955	14	3628596	51.15	first
R_GR_un_20d_1	Frame	32	13	350958	14	332421	12	82788	14	766167	45.81	first
R_GR_un_20d_1	Frame	33	14	35816	15	16312	13	9092	15	61220	58.5	first
R_GR_un_20d_1	Frame	34	15	1235	13	583	14	1123	16	2941	41.99	first
R_GR_un_20d_2	Frame	27	12	1107101	10	614429	11	870121	13	2591651	42.72	first
R_GR_un_20d_2	Frame	28	11	1717314	12	1447994	10	1567572	12	4732880	36.28	first
R_GR_un_20d_2	Frame	29	11	4302369	12	2069702	13	1790053	12	8162124	52.71	first
R_GR_un_20d_2	Frame	30	12	5133929	13	1602379	11	4043505	13	10779813	47.63	first
R_GR_un_20d_2	Frame	31	12	3603399	13	2967918	14	951325	13	7522642	47.9	first
R_GR_un_20d_2	Frame	32	13	1102918	14	592666	12	330114	14	2025698	54.45	first
R_GR_un_20d_2	Frame	33	14	128653	15	29106	13	47144	15	204903	62.79	first
R_GR_un_20d_2	Frame	34	15	9868	13	2915	14	4077	16	16860	58.53	first
R_GR_un_20d_3	Frame	27	12	1510864	10	769558	11	1109305	13	3389727	44.57	first
R_GR_un_20d_3	Frame	28	10	1368870	11	1243809	12	1233802	11	3846481	35.59	first
R_GR_un_20d_3	Frame	29	11	2597331	12	1345644	13	1192418	12	5135393	50.58	first
R_GR_un_20d_3	Frame	30	12	2672248	13	728365	11	2114057	13	5514670	48.46	first
R_GR_un_20d_3	Frame	31	12	1513421	13	1191820	14	473207	13	3178448	47.62	first
R_GR_un_20d_3	Frame	32	13	429480	14	270282	12	174849	14	874611	49.11	first
R_GR_un_20d_3	Frame	33	14	49706	15	12692	13	18256	15	80654	61.63	first
R_GR_un_20d_3	Frame	34	14	3936	15	1782	13	2709	15	8427	46.71	first
R_GR_in_25d_1	Frame	27	12	695851	10	565533	11	620920	13	1882304	36.97	first
R_GR_in_25d_1	Frame	28	11	1620040	12	912202	10	1178427	12	3710669	43.66	first
R_GR_in_25d_1	Frame	29	11	3115818	12	2098435	13	1097634	12	6311887	49.36	first
R_GR_in_25d_1	Frame	30	12	3364366	13	1256511	11	1797140	13	6418017	52.42	first
R_GR_in_25d_1	Frame	31	12	1408317	13	1407294	14	391874	13	3207485	43.91	first
R_GR_in_25d_1	Frame	32	13	351344	14	195465	12	100562	14	647371	54.27	first
R_GR_in_25d_1	Frame	33	14	50026	15	13891	13	16746	15	80663	62.02	first
R_GR_in_25d_1	Frame	34	14	3528	15	2940	13	1403	15	7871	44.82	first
R_GR_in_25d_2	Frame	27	12	743693	10	587720	11	636007	13	1967420	37.8	first
R_GR_in_25d_2	Frame	28	11	1566937	12	972458	10	1245542	12	3784937	41.4	first
R_GR_in_25d_2	Frame	29	11	3202911	12	2111678	13	1245821	12	6560410	48.82	first
R_GR_in_25d_2	Frame	30	12	3708546	13	1392693	11	2106368	13	7207607	51.45	first
R_GR_in_25d_2	Frame	31	12	1802996	13	1714503	14	511016	13	4028515	44.76	first
R_GR_in_25d_2	Frame	32	13	538522	14	300557	12	160382	14	999461	53.88	first
R_GR_in_25d_2	Frame	33	14	85435	15	25008	13	33659	15	144102	59.29	first
R_GR_in_25d_2	Frame	34	14	6152	15	5271	13	2618	15	14041	43.81	first
R_GR_in_25d_3	Frame	27	12	816711	10	596578	11	687024	13	2100313	38.89	first
R_GR_in_25d_3	Frame	28	11	1507378	12	938442	10	1264260	12	3710080	40.63	first
R_GR_in_25d_3	Frame	29	11	3076401	12	1900866	13	1147204	12	6124471	50.23	first
R_GR_in_25d_3	Frame	30	12	3253495	13	1192318	11	1810958	13	6256771	52.0	first
R_GR_in_25d_3	Frame	31	12	1355103	13	1268790	14	385019	13	3008912	45.04	first
R_GR_in_25d_3	Frame	32	13	314310	14	195743	12	90878	14	600931	52.3	first
R_GR_in_25d_3	Frame	33	14	53978	15	14985	13	16122	15	85085	63.44	first
R_GR_in_25d_3	Frame	34	14	3291	15	3120	13	2030	15	8441	38.99	first
R_GR_un_25d_1	Frame	27	12	542673	10	528716	11	542259	13	1613648	33.63	first
R_GR_un_25d_1	Frame	28	11	1745087	12	828740	10	841059	12	3414886	51.1	first
R_GR_un_25d_1	Frame	29	11	2368613	12	2339130	13	730599	12	5438342	43.55	first
R_GR_un_25d_1	Frame	30	12	2830282	13	1338740	11	1048552	13	5217574	54.25	first
R_GR_un_25d_1	Frame	31	13	1261202	14	392898	12	819656	14	2473756	50.98	first
R_GR_un_25d_1	Frame	32	14	209998	12	51033	13	194541	15	455572	46.1	first
R_GR_un_25d_1	Frame	33	14	29444	15	11401	13	7578	15	48423	60.81	first
R_GR_un_25d_1	Frame	34	14	2517	15	2146	13	1258	15	5921	42.51	first
R_GR_un_25d_2	Frame	27	11	653188	12	631022	10	647774	12	1931984	33.81	first
R_GR_un_25d_2	Frame	28	11	1941798	12	955862	10	879463	12	3777123	51.41	first
R_GR_un_25d_2	Frame	29	12	2579975	13	761534	11	2244201	13	5585710	46.19	first
R_GR_un_25d_2	Frame	30	12	2631928	13	1413546	11	869074	13	4914548	53.55	first
R_GR_un_25d_2	Frame	31	13	1131744	14	372444	12	651516	14	2155704	52.5	first
R_GR_un_25d_2	Frame	32	14	168177	12	40359	13	148861	15	357397	47.06	first
R_GR_un_25d_2	Frame	33	14	22060	15	9044	13	6141	15	37245	59.23	first
R_GR_un_25d_2	Frame	34	14	1914	15	1578	13	1135	15	4627	41.37	first
R_GR_un_25d_3	Frame	27	12	530818	10	463046	11	489617	13	1483481	35.78	first
R_GR_un_25d_3	Frame	28	11	1463797	12	746383	10	822791	12	3032971	48.26	first
R_GR_un_25d_3	Frame	29	11	2241638	12	1967189	13	693393	12	4902220	45.73	first
R_GR_un_25d_3	Frame	30	12	2555042	13	1106154	11	990608	13	4651804	54.93	first
R_GR_un_25d_3	Frame	31	13	1074909	14	319026	12	745265	14	2139200	50.25	first
R_GR_un_25d_3	Frame	32	14	162159	12	41703	13	158977	15	362839	44.69	first
R_GR_un_25d_3	Frame	33	14	24475	15	8996	13	6652	15	40123	61.0	first
R_GR_un_25d_3	Frame	34	14	1876	15	1564	13	923	15	4363	43.0	first
