name	from_tis	region	wt_mock_1	wt_mock_2	ssb1_wt_flag_1	ssb1_wt_flag_2	enrich	collision	peak
YMR290C_mRNA	-10	5utr	0	0	0	0	0.0		
YMR290C_mRNA	-9	5utr	0	0	0	0	0.0		
YMR290C_mRNA	-8	5utr	0	0	0	0	0.0		
YMR290C_mRNA	-7	5utr	0	0	0	0	0.0		
YMR290C_mRNA	-6	5utr	0	0	0	0	0.0		
YMR290C_mRNA	-5	5utr	0	2	0	0	0.0		
YMR290C_mRNA	-4	5utr	0	0	0	0	0.014730244663527086		
YMR290C_mRNA	-3	5utr	0	0	0	1	0.11953322496990867		
YMR290C_mRNA	-2	5utr	6	6	2	2	0.18480431565714528		
YMR290C_mRNA	-1	5utr	12	24	2	7	0.1907427992286116		
YMR290C_mRNA	0	cds	13	19	0	3	0.5343988347694497		
YMR290C_mRNA	1	cds	2	10	5	9	0.5672221463008096		
YMR290C_mRNA	2	cds	4	18	2	4	0.6662923849210949		
YMR290C_mRNA	3	cds	6	21	2	9	0.3682209183953546		
YMR290C_mRNA	4	cds	0	0	3	5	0.3261505097125882		
YMR290C_mRNA	5	cds	3	9	1	1	0.4659441236595841		
YMR290C_mRNA	6	cds	3	4	3	3	1.3736787883591557		
YMR290C_mRNA	7	cds	1	1	3	4	1.346369031754685		
YMR290C_mRNA	8	cds	0	9	1	0	1.216043167327236		
YMR290C_mRNA	9	cds	3	14	2	4	0.2145755789074239		
YMR290C_mRNA	10	cds	10	36	4	3	0.3354376007264767		
YMR290C_mRNA	11	cds	1	2	0	2	0.2665092288819055		
YMR290C_mRNA	12	cds	10	22	2	5	0.3698216513205541		
YMR290C_mRNA	13	cds	4	5	2	3	0.2894049845840088		
YMR290C_mRNA	14	cds	3	14	0	4	0.3278810580031466		
YMR290C_mRNA	15	cds	7	30	4	6	0.21079730619484288		
YMR290C_mRNA	16	cds	47	72	7	11	0.15577794006056583		
YMR290C_mRNA	17	cds	24	58	0	5	0.14604575810787254		
YMR290C_mRNA	18	cds	6	15	0	8	0.26154237288915577		
YMR290C_mRNA	19	cds	2	13	1	5	0.32664663881681755		
YMR290C_mRNA	20	cds	5	9	0	5	0.38714900801352137		
YMR290C_mRNA	21	cds	7	11	3	7	0.2835035954316554		
YMR290C_mRNA	22	cds	2	8	0	2	0.33779245761945187		
YMR290C_mRNA	23	cds	2	5	0	4	0.5425003318618659		
YMR290C_mRNA	24	cds	2	4	2	6	0.5573583157818653		
YMR290C_mRNA	25	cds	6	9	1	3	0.546663045944956		
YMR290C_mRNA	26	cds	1	3	0	2	0.29258058200542564		
YMR290C_mRNA	27	cds	2	5	0	3	0.393837938411325		
YMR290C_mRNA	28	cds	2	10	1	5	0.3638618883626895		
YMR290C_mRNA	29	cds	9	16	2	7	0.3559496943861719		
YMR290C_mRNA	30	cds	7	26	2	8	0.2921331174262315		
YMR290C_mRNA	31	cds	8	23	5	5	0.25961707944572743		
YMR290C_mRNA	32	cds	9	19	2	4	0.2931227704796126		
YMR290C_mRNA	33	cds	4	13	2	5	0.5307756824735026		
YMR290C_mRNA	34	cds	1	1	0	3	0.5452178157197093		
YMR290C_mRNA	35	cds	3	6	0	3	0.572663806960455		
YMR290C_mRNA	36	cds	0	5	2	3	0.9915225539762305		
YMR290C_mRNA	37	cds	1	2	3	5	1.1097891960359951		
YMR290C_mRNA	38	cds	6	4	2	4	0.9759455143208104		
YMR290C_mRNA	39	cds	7	17	0	2	0.24793025341964436		
YMR290C_mRNA	40	cds	11	14	0	4	0.11722637555061476		
YMR290C_mRNA	41	cds	5	18	2	2	0.1825710240161079		
YMR290C_mRNA	42	cds	5	20	1	6	0.2351236408218237		
YMR290C_mRNA	43	cds	4	12	1	4	0.36230110804320237		
YMR290C_mRNA	44	cds	1	5	1	2	0.31031042761804484		
YMR290C_mRNA	45	cds	5	16	1	1	0.408768838658193		
YMR290C_mRNA	46	cds	6	3	1	4	0.25773386138313037		
YMR290C_mRNA	47	cds	7	15	1	2	0.34938163208966583		
YMR290C_mRNA	48	cds	2	9	1	3	0.26866784290619655		
YMR290C_mRNA	49	cds	4	21	2	5	0.29756700539000164		
YMR290C_mRNA	50	cds	5	11	1	3	0.43769109457794486		
YMR290C_mRNA	51	cds	2	3	0	6	0.35923144522559164		
YMR290C_mRNA	52	cds	2	8	0	1	0.31338132100422084		
YMR290C_mRNA	53	cds	18	52	3	1	0.16585005011068685		
YMR290C_mRNA	54	cds	6	10	2	5	0.16189865637098538		
YMR290C_mRNA	55	cds	8	19	1	1	0.27611615340831436		
YMR290C_mRNA	56	cds	0	5	1	4	0.20890240105601623		
YMR290C_mRNA	57	cds	6	17	1	3	0.29213948410863844		
YMR290C_mRNA	58	cds	1	3	1	0	0.3488555326611637		
YMR290C_mRNA	59	cds	6	10	4	7	0.8567348113674172		
YMR290C_mRNA	60	cds	0	2	5	3	0.8248994539598189		
YMR290C_mRNA	61	cds	8	8	3	0	0.7173913095101254		
YMR290C_mRNA	62	cds	4	18	2	3	0.24762308982305994		
YMR290C_mRNA	63	cds	0	1	0	1	0.2543051889399603		
YMR290C_mRNA	64	cds	0	10	3	0	0.20115575208758038		
YMR290C_mRNA	65	cds	7	6	1	0	0.21826493360698884		
YMR290C_mRNA	66	cds	4	24	1	7	0.21986044319625442		
YMR290C_mRNA	67	cds	11	32	5	6	0.6445560073132224		
YMR290C_mRNA	68	cds	1	5	0	9	1.1709162425986621		
YMR290C_mRNA	69	cds	1	7	5	5	1.4523332009852048		
YMR290C_mRNA	70	cds	2	1	1	2	1.1249527352312758		
YMR290C_mRNA	71	cds	9	24	4	11	1.007568123213716		
YMR290C_mRNA	72	cds	1	1	2	1	0.9200116997706056		
YMR290C_mRNA	73	cds	6	35	14	10	0.9542159797761376		
YMR290C_mRNA	74	cds	9	5	3	3	0.5320683021405505		
YMR290C_mRNA	75	cds	6	2	0	2	0.5625544308268754		
YMR290C_mRNA	76	cds	2	5	3	4	0.9482512827969457		
YMR290C_mRNA	77	cds	2	4	5	6	1.1381689449296735		
YMR290C_mRNA	78	cds	0	6	6	3	1.0727773768459348		
YMR290C_mRNA	79	cds	4	8	4	6	0.7225242620918466		
YMR290C_mRNA	80	cds	2	6	2	3	1.1846685403864432		
YMR290C_mRNA	81	cds	1	2	4	3	1.0259907256939713		
YMR290C_mRNA	82	cds	11	16	3	5	1.3545991585630266		
YMR290C_mRNA	83	cds	3	6	7	9	0.6515934745526888		
YMR290C_mRNA	84	cds	11	16	0	5	0.8163557242129003		
YMR290C_mRNA	85	cds	18	9	8	9	0.4342298159585438		
YMR290C_mRNA	86	cds	5	11	3	5	1.0168885175195617		
YMR290C_mRNA	87	cds	1	8	4	7	1.1057733375814847		
YMR290C_mRNA	88	cds	3	5	3	7	1.0822107796805003		
YMR290C_mRNA	89	cds	7	16	3	7	0.6589267549281037		
YMR290C_mRNA	90	cds	4	7	4	3	0.4425274449070925		
YMR290C_mRNA	91	cds	6	9	3	3	0.8825949220460496		
YMR290C_mRNA	92	cds	5	3	5	8	1.8552465380587893		
YMR290C_mRNA	93	cds	1	2	5	7	3.005168586244505		
YMR290C_mRNA	94	cds	1	8	6	18	2.508333686399906		
YMR290C_mRNA	95	cds	2	4	1	0	1.7342996423355423		
YMR290C_mRNA	96	cds	4	9	5	14	0.8745603126988234		
YMR290C_mRNA	97	cds	2	13	2	14	1.5067495676083311		
YMR290C_mRNA	98	cds	1	0	5	8	2.084436952188712		
YMR290C_mRNA	99	cds	0	3	6	18	2.0365083205238643		
YMR290C_mRNA	100	cds	6	13	10	13	1.811388833167039		
YMR290C_mRNA	101	cds	0	3	1	12	1.3978855116497908	1.3978855116497908	
YMR290C_mRNA	102	cds	1	0	2	10	1.5314913894399487	1.5314913894399487	
YMR290C_mRNA	103	cds	2	11	7	8	3.006495687490446	3.006495687490446	
YMR290C_mRNA	104	cds	1	1	4	10	2.9334979233231	2.9334979233231	
YMR290C_mRNA	105	cds	5	4	7	6	2.7947310137150767	2.7947310137150767	
YMR290C_mRNA	106	cds	9	18	15	17	1.7883039414277149	1.7883039414277149	
YMR290C_mRNA	107	cds	4	12	18	30	1.8159153063576312	1.8159153063576312	
YMR290C_mRNA	108	cds	9	15	18	25	1.864656752294703	1.864656752294703	
YMR290C_mRNA	109	cds	12	31	22	36	1.8641958348280867	1.8641958348280867	
YMR290C_mRNA	110	cds	7	14	19	55	2.1480297423081294	2.1480297423081294	2.1480297423081294
YMR290C_mRNA	111	cds	4	6	10	19	2.5823038767689503		2.5823038767689503
YMR290C_mRNA	112	cds	9	21	32	54	2.7434220050207365		2.7434220050207365
YMR290C_mRNA	113	cds	6	25	36	60	4.123856859950568		4.123856859950568
YMR290C_mRNA	114	cds	10	28	127	124	5.176948288456591		5.176948288456591
YMR290C_mRNA	115	cds	4	23	54	62	5.417260596861207		5.417260596861207
YMR290C_mRNA	116	cds	6	10	22	59	4.1324331940665555		4.1324331940665555
YMR290C_mRNA	117	cds	2	13	7	26	6.770776525103558		6.770776525103558
YMR290C_mRNA	118	cds	3	14	83	118	6.772198401263156		6.772198401263156
YMR290C_mRNA	119	cds	11	23	56	105	6.854838947365279		6.854838947365279
YMR290C_mRNA	120	cds	18	56	81	151	4.739001640868793		4.739001640868793
YMR290C_mRNA	121	cds	2	11	30	46	3.8624396553877447		3.8624396553877447
YMR290C_mRNA	122	cds	13	20	12	49	3.52659142975166		3.52659142975166
YMR290C_mRNA	123	cds	15	20	31	48	11.84287341542832		11.84287341542832
YMR290C_mRNA	124	cds	1	1	25	50	12.866158743514713		12.866158743514713
YMR290C_mRNA	125	cds	4	8	24	38	13.942710383444869		13.942710383444869
YMR290C_mRNA	126	cds	4	20	43	61	6.568843654158664		6.568843654158664
YMR290C_mRNA	127	cds	2	2	21	22	6.876802571553582		6.876802571553582
YMR290C_mRNA	128	cds	6	10	37	66	8.400518785691332		8.400518785691332
YMR290C_mRNA	129	cds	0	3	25	51	7.475130322527775		7.475130322527775
YMR290C_mRNA	130	cds	6	9	47	84	6.590340577561385		6.590340577561385
YMR290C_mRNA	131	cds	9	22	39	54	4.140709153670968		4.140709153670968
YMR290C_mRNA	132	cds	0	10	16	23	2.510881621503587		2.510881621503587
YMR290C_mRNA	133	cds	9	16	28	42	2.4380542663889093		2.4380542663889093
YMR290C_mRNA	134	cds	5	3	4	18	2.331360098432855		2.331360098432855
YMR290C_mRNA	135	cds	8	20	25	39	3.0892329201692137		3.0892329201692137
YMR290C_mRNA	136	cds	1	0	10	20	3.0599564744125343		3.0599564744125343
YMR290C_mRNA	137	cds	4	15	12	37	3.2394946959247157		3.2394946959247157
YMR290C_mRNA	138	cds	3	9	10	25	3.368100466312711		3.368100466312711
YMR290C_mRNA	139	cds	5	11	35	58	3.0551077191941465		3.0551077191941465
YMR290C_mRNA	140	cds	23	43	51	59	8.210065070323408		8.210065070323408
YMR290C_mRNA	141	cds	2	2	31	51	8.804504862008706		8.804504862008706
YMR290C_mRNA	142	cds	3	1	8	11	9.003784962802763		9.003784962802763
YMR290C_mRNA	143	cds	4	7	9	19	4.833252535808598		4.833252535808598
YMR290C_mRNA	144	cds	2	4	17	20	2.8321624526066542		2.8321624526066542
YMR290C_mRNA	145	cds	6	23	13	8	2.3755785657212423	2.3755785657212423	2.3755785657212423
YMR290C_mRNA	146	cds	4	7	4	5	0.8563650321748721		
YMR290C_mRNA	147	cds	11	11	12	11	2.0424544892792103	2.0424544892792103	2.0424544892792103
YMR290C_mRNA	148	cds	2	10	23	18	2.5502062201372153		2.5502062201372153
YMR290C_mRNA	149	cds	9	18	34	31	4.60343831132723		4.60343831132723
YMR290C_mRNA	150	cds	3	4	21	39	3.4956989419981968		3.4956989419981968
YMR290C_mRNA	151	cds	13	62	33	34	3.717173571841281		3.717173571841281
YMR290C_mRNA	152	cds	3	10	17	20	2.443203222911731		2.443203222911731
YMR290C_mRNA	153	cds	2	10	12	23	3.089116730949284		3.089116730949284
YMR290C_mRNA	154	cds	2	4	4	20	2.5055566209213525		2.5055566209213525
YMR290C_mRNA	155	cds	8	14	10	21	1.9641265269074413		1.9641265269074413
YMR290C_mRNA	156	cds	4	22	14	22	1.3956974794719073		1.3956974794719073
YMR290C_mRNA	157	cds	0	1	0	5	1.3405438756716985		1.3405438756716985
YMR290C_mRNA	158	cds	4	26	7	16	2.0519863435109813		2.0519863435109813
YMR290C_mRNA	159	cds	1	4	6	13	3.0783376694676834		3.0783376694676834
YMR290C_mRNA	160	cds	3	2	10	11	3.63660432383518		3.63660432383518
YMR290C_mRNA	161	cds	4	9	13	28	3.335078731597774		3.335078731597774
YMR290C_mRNA	162	cds	2	5	10	12	4.122550773602582		4.122550773602582
YMR290C_mRNA	163	cds	1	12	21	18	4.069870037952027		4.069870037952027
YMR290C_mRNA	164	cds	5	9	16	25	3.411524979550614		3.411524979550614
YMR290C_mRNA	165	cds	5	14	6	15	1.7999168489440969		1.7999168489440969
YMR290C_mRNA	166	cds	3	12	7	23	3.3769747477083456		3.3769747477083456
YMR290C_mRNA	167	cds	1	7	14	28	3.889596956498118		3.889596956498118
YMR290C_mRNA	168	cds	5	6	11	22	3.7351863642213354		3.7351863642213354
YMR290C_mRNA	169	cds	11	40	25	51	2.0168295519432977		2.0168295519432977
YMR290C_mRNA	170	cds	10	26	30	54	1.8332015626049105		1.8332015626049105
YMR290C_mRNA	171	cds	9	17	23	36	2.085852657162461		2.085852657162461
YMR290C_mRNA	172	cds	2	7	5	17	2.014269273903913		2.014269273903913
YMR290C_mRNA	173	cds	2	5	5	10	1.9358009568507755		1.9358009568507755
YMR290C_mRNA	174	cds	4	2	1	10	2.595816299085739		2.595816299085739
YMR290C_mRNA	175	cds	3	8	12	44	2.41444064489737		2.41444064489737
YMR290C_mRNA	176	cds	4	9	7	13	2.8208253266254664		2.8208253266254664
YMR290C_mRNA	177	cds	4	7	9	33	1.6240072603033835		1.6240072603033835
YMR290C_mRNA	178	cds	13	14	7	12	3.437584614291021		3.437584614291021
YMR290C_mRNA	179	cds	0	1	5	17	2.8389301260731408		2.8389301260731408
YMR290C_mRNA	180	cds	5	10	6	15	3.3778988242854764	3.3778988242854764	3.3778988242854764
YMR290C_mRNA	181	cds	3	13	12	21	1.271160345753486	1.271160345753486	
YMR290C_mRNA	182	cds	9	15	3	11	1.4771598465935003	1.4771598465935003	
YMR290C_mRNA	183	cds	3	8	7	15	1.3867124306394154	1.3867124306394154	
YMR290C_mRNA	184	cds	2	4	6	7	1.684062038811294	1.684062038811294	
YMR290C_mRNA	185	cds	5	16	10	20	1.7639439957682557	1.7639439957682557	
YMR290C_mRNA	186	cds	4	14	18	15	1.7625638035987392	1.7625638035987392	
YMR290C_mRNA	187	cds	2	10	9	10	1.4827829187144563	1.4827829187144563	
YMR290C_mRNA	188	cds	0	7	1	7	1.11595287504317	1.11595287504317	
YMR290C_mRNA	189	cds	0	7	5	7	0.788704667517566		
YMR290C_mRNA	190	cds	5	11	5	14	0.8698456097303535		
YMR290C_mRNA	191	cds	0	5	2	7	1.168878933559054	1.168878933559054	
YMR290C_mRNA	192	cds	4	5	3	19	1.2005189476320441	1.2005189476320441	
YMR290C_mRNA	193	cds	6	8	6	12	3.0448459121675318	3.0448459121675318	3.0448459121675318
YMR290C_mRNA	194	cds	1	1	3	13	3.41246038025614		3.41246038025614
YMR290C_mRNA	195	cds	3	19	22	23	3.9164177099587967		3.9164177099587967
YMR290C_mRNA	196	cds	9	6	12	29	3.3314523020945206		3.3314523020945206
YMR290C_mRNA	197	cds	1	9	13	12	3.3881187933513406		3.3881187933513406
YMR290C_mRNA	198	cds	1	4	5	10	3.4133384260401174		3.4133384260401174
YMR290C_mRNA	199	cds	1	5	6	7	2.572470409325852	2.572470409325852	2.572470409325852
YMR290C_mRNA	200	cds	1	0	4	9	1.766173958982413	1.766173958982413	
YMR290C_mRNA	201	cds	0	0	5	6	1.4349419664437768	1.4349419664437768	
YMR290C_mRNA	202	cds	6	12	14	20	1.2486893184046615	1.2486893184046615	
YMR290C_mRNA	203	cds	4	18	13	14	1.931430701320659	1.931430701320659	
YMR290C_mRNA	204	cds	1	11	6	11	2.155589031344568	2.155589031344568	
YMR290C_mRNA	205	cds	4	7	13	16	1.9293566910435596	1.9293566910435596	
YMR290C_mRNA	206	cds	8	16	7	15	1.9602690376956167	1.9602690376956167	
YMR290C_mRNA	207	cds	1	11	7	10	3.118664258726335	3.118664258726335	
YMR290C_mRNA	208	cds	1	10	14	21	3.259536477790198	3.259536477790198	
YMR290C_mRNA	209	cds	8	13	13	15	3.0714069408917983		
YMR290C_mRNA	210	cds	2	6	7	12	1.3693978608669166		
YMR290C_mRNA	211	cds	7	10	4	11	1.0578211720545652		
YMR290C_mRNA	212	cds	14	31	6	6	0.5272472445628167		
YMR290C_mRNA	213	cds	3	6	2	5	1.5463678999481483		
YMR290C_mRNA	214	cds	1	5	5	16	2.2101916000991455		
YMR290C_mRNA	215	cds	5	13	19	24	2.4023019155701624		
YMR290C_mRNA	216	cds	2	13	7	5	1.3378293342267797		
YMR290C_mRNA	217	cds	12	21	4	21	0.7854291575293804		
YMR290C_mRNA	218	cds	5	4	3	2	0.6606500051044323		
YMR290C_mRNA	219	cds	15	18	7	29	0.9378644670055574		
YMR290C_mRNA	220	cds	0	2	1	8	1.202454285113125		
YMR290C_mRNA	221	cds	3	6	6	8	1.2150397431965594		
YMR290C_mRNA	222	cds	0	3	2	5	1.163822186712186		
YMR290C_mRNA	223	cds	3	8	7	7	1.0663176069438784		
YMR290C_mRNA	224	cds	2	11	5	6	1.8165534697229742		
YMR290C_mRNA	225	cds	3	2	7	8	1.7081790446639304		
YMR290C_mRNA	226	cds	3	13	3	12	1.6218886815226394		
YMR290C_mRNA	227	cds	9	19	11	15	1.119378813870405		
YMR290C_mRNA	228	cds	0	3	5	7	1.4864088481372697		
YMR290C_mRNA	229	cds	2	18	12	10	1.5518577887147638		
YMR290C_mRNA	230	cds	2	5	3	5	1.5031370927216594		
YMR290C_mRNA	231	cds	2	5	5	6	1.2803123037565123		
YMR290C_mRNA	232	cds	2	8	6	6	1.1650591087799838		
YMR290C_mRNA	233	cds	6	30	5	18	1.008625028362873		
YMR290C_mRNA	234	cds	6	19	10	16	0.8294575724502393		
YMR290C_mRNA	235	cds	3	0	2	11	0.8864050268193469		
YMR290C_mRNA	236	cds	6	5	4	6	1.0556748256562267	1.0556748256562267	
YMR290C_mRNA	237	cds	7	8	13	11	1.728729522620693	1.728729522620693	
YMR290C_mRNA	238	cds	2	2	6	6	3.199945950117523	3.199945950117523	3.199945950117523
YMR290C_mRNA	239	cds	1	5	13	12	2.8123967940885573		2.8123967940885573
YMR290C_mRNA	240	cds	26	29	7	16	4.475273197299396		4.475273197299396
YMR290C_mRNA	241	cds	1	1	5	14	2.997500594041135		2.997500594041135
YMR290C_mRNA	242	cds	8	14	6	17	3.4024675890071197		3.4024675890071197
YMR290C_mRNA	243	cds	3	9	6	15	1.422065060796923		1.422065060796923
YMR290C_mRNA	244	cds	0	3	3	13	3.326576623760157		3.326576623760157
YMR290C_mRNA	245	cds	1	2	7	17	3.347158996703749		3.347158996703749
YMR290C_mRNA	246	cds	1	0	4	6	3.664685121703107	3.664685121703107	3.664685121703107
YMR290C_mRNA	247	cds	1	1	3	3	1.5942888124765537	1.5942888124765537	
YMR290C_mRNA	248	cds	0	0	2	4	1.1083446167424407	1.1083446167424407	
YMR290C_mRNA	249	cds	0	0	1	2	0.7921718199656174		
YMR290C_mRNA	250	cds	1	3	3	5	1.4368252689366856		
YMR290C_mRNA	251	cds	2	1	1	6	1.6433191750725702		
YMR290C_mRNA	252	cds	7	10	7	8	1.1366027373215701		
YMR290C_mRNA	253	cds	4	10	3	2	0.5960333003611136		
YMR290C_mRNA	254	cds	8	11	6	8	0.4932674989654777		
YMR290C_mRNA	255	cds	0	4	1	4	0.93213309204245		
YMR290C_mRNA	256	cds	2	6	3	13	1.5676090724881169		
YMR290C_mRNA	257	cds	1	6	5	9	1.664639113233477		
YMR290C_mRNA	258	cds	6	17	10	7	1.5179910605736147		
YMR290C_mRNA	259	cds	3	5	4	8	0.9883991144702104		
YMR290C_mRNA	260	cds	5	13	6	14	0.8698796704411083		
YMR290C_mRNA	261	cds	7	11	3	6	0.8474856096693241		
YMR290C_mRNA	262	cds	7	22	10	28	1.2709140628815927		
YMR290C_mRNA	263	cds	1	6	2	12	1.6230282212705425		
YMR290C_mRNA	264	cds	0	4	5	9	1.5007306342498667		
YMR290C_mRNA	265	cds	3	4	2	5	1.2222406197605487		
YMR290C_mRNA	266	cds	2	14	7	8	1.117900604051513		
YMR290C_mRNA	267	cds	4	13	4	19	1.143125037088804		
YMR290C_mRNA	268	cds	4	16	6	11	0.977617423650373		
YMR290C_mRNA	269	cds	3	4	2	6	1.1816046004500942		
YMR290C_mRNA	270	cds	3	6	9	8	1.1134518683376475		
YMR290C_mRNA	271	cds	10	12	7	10	1.5850766502613518		
YMR290C_mRNA	272	cds	0	2	7	4	1.3563069317028345		
YMR290C_mRNA	273	cds	2	24	6	7	1.55488584277952		
YMR290C_mRNA	274	cds	1	8	2	6	1.0419434441218327		
YMR290C_mRNA	275	cds	4	9	5	6	1.5859706708922547		
YMR290C_mRNA	276	cds	0	2	4	12	1.5125313253390877		
YMR290C_mRNA	277	cds	6	10	10	8	1.5957221461893774		
YMR290C_mRNA	278	cds	2	8	2	9	0.9506149923261588		
YMR290C_mRNA	279	cds	8	17	9	13	0.8573051864727463		
YMR290C_mRNA	280	cds	0	12	4	11	0.899096070412716		
YMR290C_mRNA	281	cds	1	4	0	7	1.541685375582742		
YMR290C_mRNA	282	cds	1	3	5	6	1.3471664817619184		
YMR290C_mRNA	283	cds	12	18	2	5	1.2345167229428022		
YMR290C_mRNA	284	cds	1	0	2	3	0.572453518274622		
YMR290C_mRNA	285	cds	1	0	1	4	0.8758974640395528		
YMR290C_mRNA	286	cds	2	10	6	4	0.8780915458410418		
YMR290C_mRNA	287	cds	3	12	4	8	1.127225245610354		
YMR290C_mRNA	288	cds	14	26	27	41	0.9661914729024386		
YMR290C_mRNA	289	cds	1	2	1	1	0.8432855214715926		
YMR290C_mRNA	290	cds	1	4	1	1	0.4693314725175546		
YMR290C_mRNA	291	cds	2	2	0	2	0.3935043166433421		
YMR290C_mRNA	292	cds	6	7	2	4	1.2475057445756523		
YMR290C_mRNA	293	cds	1	1	1	7	1.4404186543247537		
YMR290C_mRNA	294	cds	3	4	1	8	1.7025732694071345		
YMR290C_mRNA	295	cds	4	15	8	14	1.0643869172929659		
YMR290C_mRNA	296	cds	0	4	3	8	0.8588255057579732		
YMR290C_mRNA	297	cds	3	8	1	3	0.5712556093567797		
YMR290C_mRNA	298	cds	0	4	1	2	0.3693973391426605		
YMR290C_mRNA	299	cds	12	31	8	16	0.359686842028375		
YMR290C_mRNA	300	cds	3	15	2	2	0.7684405586967461		
YMR290C_mRNA	301	cds	3	10	7	14	1.1948546090804415		
YMR290C_mRNA	302	cds	2	13	11	6	1.7410936624926987		
YMR290C_mRNA	303	cds	7	3	7	8	1.3802685245212063		
YMR290C_mRNA	304	cds	0	6	3	2	1.1342274360294196		
YMR290C_mRNA	305	cds	0	2	3	2	0.818212411268938		
YMR290C_mRNA	306	cds	3	4	3	5	1.1626788978142846		
YMR290C_mRNA	307	cds	3	3	4	6	1.1898454078117704		
YMR290C_mRNA	308	cds	6	15	10	16	1.0415036865230372		
YMR290C_mRNA	309	cds	10	11	3	11	0.8875925602506951		
YMR290C_mRNA	310	cds	8	22	12	22	0.6470360127961012		
YMR290C_mRNA	311	cds	14	43	11	11	2.536427562963248		
YMR290C_mRNA	312	cds	2	1	7	9	2.7049873258143418		
YMR290C_mRNA	313	cds	0	10	9	17	2.806914163161241		
YMR290C_mRNA	314	cds	12	38	17	17	1.2063738270373714		
YMR290C_mRNA	315	cds	3	9	9	7	0.8542615117209542		
YMR290C_mRNA	316	cds	3	5	1	4	0.9513606306605304		
YMR290C_mRNA	317	cds	3	5	4	5	1.4615947725199108		
YMR290C_mRNA	318	cds	1	1	2	5	1.6299421009912924		
YMR290C_mRNA	319	cds	2	4	1	7	1.5698237151707803		
YMR290C_mRNA	320	cds	2	11	4	4	0.8270062467662882		
YMR290C_mRNA	321	cds	18	44	17	32	0.6227366399011312		
YMR290C_mRNA	322	cds	8	24	4	9	0.587613838767338		
YMR290C_mRNA	323	cds	0	4	2	5	0.5812916396683094		
YMR290C_mRNA	324	cds	1	2	0	3	0.6007852944776422		
YMR290C_mRNA	325	cds	7	8	2	6	1.0095201061484438		
YMR290C_mRNA	326	cds	1	3	2	7	0.8105176041439048		
YMR290C_mRNA	327	cds	2	10	0	1	1.4164295521718069		
YMR290C_mRNA	328	cds	1	15	5	10	0.8533917686820154		
YMR290C_mRNA	329	cds	7	20	4	2	1.4145386852032693		
YMR290C_mRNA	330	cds	2	2	3	5	0.8308766654291109		
YMR290C_mRNA	331	cds	2	10	2	3	1.1403041173475068		
YMR290C_mRNA	332	cds	4	17	11	10	1.0638007767605404		
YMR290C_mRNA	333	cds	3	7	7	10	0.9745068965857624		
YMR290C_mRNA	334	cds	10	19	1	8	0.873765839825256		
YMR290C_mRNA	335	cds	5	12	3	16	0.866985632743706		
YMR290C_mRNA	336	cds	2	12	4	14	2.4026780906179352	2.4026780906179352	2.4026780906179352
YMR290C_mRNA	337	cds	1	16	13	18	3.7700105189724162		3.7700105189724162
YMR290C_mRNA	338	cds	2	3	13	15	3.5620972149333374		3.5620972149333374
YMR290C_mRNA	339	cds	6	8	5	10	2.9605726139565887		2.9605726139565887
YMR290C_mRNA	340	cds	2	3	8	9	6.456129713953562		6.456129713953562
YMR290C_mRNA	341	cds	1	2	27	22	7.643601457540168		7.643601457540168
YMR290C_mRNA	342	cds	3	16	21	53	9.821638037284133		9.821638037284133
YMR290C_mRNA	343	cds	0	5	43	60	9.635439275751057		9.635439275751057
YMR290C_mRNA	344	cds	1	11	33	61	12.123324653189648		12.123324653189648
YMR290C_mRNA	345	cds	2	10	51	68	11.685465244447961		11.685465244447961
YMR290C_mRNA	346	cds	4	8	34	88	8.453449805711852		8.453449805711852
YMR290C_mRNA	347	cds	3	9	24	43	4.9468269195485055		4.9468269195485055
YMR290C_mRNA	348	cds	8	18	16	25	4.324361294721324		4.324361294721324
YMR290C_mRNA	349	cds	3	12	32	61	3.5724637349381694		3.5724637349381694
YMR290C_mRNA	350	cds	5	9	23	22	4.825028066283404		4.825028066283404
YMR290C_mRNA	351	cds	7	1	7	8	3.6372660958371013		3.6372660958371013
YMR290C_mRNA	352	cds	4	16	28	20	2.9557058996856274	2.9557058996856274	2.9557058996856274
YMR290C_mRNA	353	cds	10	14	9	17	1.6817619420080079	1.6817619420080079	
YMR290C_mRNA	354	cds	9	8	8	18	1.451236873761906	1.451236873761906	
YMR290C_mRNA	355	cds	2	4	4	12	1.3663342876700928	1.3663342876700928	
YMR290C_mRNA	356	cds	2	11	1	7	1.1311394013827527	1.1311394013827527	
YMR290C_mRNA	357	cds	7	14	6	9	1.2610074926929506	1.2610074926929506	
YMR290C_mRNA	358	cds	1	2	3	6	1.677274062265539	1.677274062265539	
YMR290C_mRNA	359	cds	2	1	2	3	2.0985171852891873	2.0985171852891873	
YMR290C_mRNA	360	cds	2	6	2	17	1.4385279096608101	1.4385279096608101	
YMR290C_mRNA	361	cds	0	2	1	2	1.184459931890448	1.184459931890448	
YMR290C_mRNA	362	cds	6	7	8	8	1.2352996355150812		
YMR290C_mRNA	363	cds	0	1	1	6	1.398268369209553		
YMR290C_mRNA	364	cds	17	46	22	52	1.3423420780456756		
YMR290C_mRNA	365	cds	35	63	38	76	1.0026172618614493		
YMR290C_mRNA	366	cds	31	40	35	48	0.8780780979807208		
YMR290C_mRNA	367	cds	12	31	13	17	1.3673960972224515		
YMR290C_mRNA	368	cds	2	4	5	13	1.1562569015608373		
YMR290C_mRNA	369	cds	0	0	1	7	1.2534669130551765		
YMR290C_mRNA	370	cds	1	4	1	4	0.5515137885301167		
YMR290C_mRNA	371	cds	5	5	1	3	0.685240104944087		
YMR290C_mRNA	372	cds	4	13	5	9	0.7213705576472405		
YMR290C_mRNA	373	cds	3	7	3	10	1.0646790098628225		
YMR290C_mRNA	374	cds	0	2	2	6	0.958917856932115		
YMR290C_mRNA	375	cds	0	7	3	3	1.130716374354788		
YMR290C_mRNA	376	cds	7	8	12	14	0.7934633687135468		
YMR290C_mRNA	377	cds	3	3	0	3	0.9386054567734621		
YMR290C_mRNA	378	cds	3	16	3	13	0.8995903946774655		
YMR290C_mRNA	379	cds	5	4	8	4	1.5224157504949085	1.5224157504949085	
YMR290C_mRNA	380	cds	2	3	1	15	1.5316434468145133	1.5316434468145133	
YMR290C_mRNA	381	cds	1	6	2	3	1.1059114449084455	1.1059114449084455	
YMR290C_mRNA	382	cds	11	11	2	2	2.460371433220986	2.460371433220986	2.460371433220986
YMR290C_mRNA	383	cds	1	1	3	13	2.3136966825546876		2.3136966825546876
YMR290C_mRNA	384	cds	9	21	6	11	3.468415673414987		3.468415673414987
YMR290C_mRNA	385	cds	1	5	8	10	1.6829756064545636		1.6829756064545636
YMR290C_mRNA	386	cds	3	8	3	9	1.8737658408583528		1.8737658408583528
YMR290C_mRNA	387	cds	11	12	11	17	3.1808797823162016		3.1808797823162016
YMR290C_mRNA	388	cds	1	9	16	30	3.520561792986703		3.520561792986703
YMR290C_mRNA	389	cds	7	11	16	25	3.3599991567191854		3.3599991567191854
YMR290C_mRNA	390	cds	0	0	3	8	1.9959038498925104		1.9959038498925104
YMR290C_mRNA	391	cds	2	7	11	21	2.086059030304413		2.086059030304413
YMR290C_mRNA	392	cds	3	21	8	34	4.054785171445377		4.054785171445377
YMR290C_mRNA	393	cds	2	8	15	53	3.196435753019614		3.196435753019614
YMR290C_mRNA	394	cds	7	33	7	28	3.652423423121681	3.652423423121681	3.652423423121681
YMR290C_mRNA	395	cds	1	2	4	9	1.8464863740424335	1.8464863740424335	
YMR290C_mRNA	396	cds	3	13	7	8	1.869008980747433	1.869008980747433	
YMR290C_mRNA	397	cds	14	28	20	25	0.7770588522856292		
YMR290C_mRNA	398	cds	9	10	2	5	1.5925207665453216	1.5925207665453216	
YMR290C_mRNA	399	cds	1	7	6	15	3.090138845742109	3.090138845742109	3.090138845742109
YMR290C_mRNA	400	cds	0	1	5	12	3.2662203003567587		3.2662203003567587
YMR290C_mRNA	401	cds	5	16	7	11	2.6177533165118825		2.6177533165118825
YMR290C_mRNA	402	cds	0	4	4	12	1.6901967740555586		1.6901967740555586
YMR290C_mRNA	403	cds	0	2	9	3	2.1631760284460526	2.1631760284460526	2.1631760284460526
YMR290C_mRNA	404	cds	4	17	19	23	1.8046249298361015	1.8046249298361015	
YMR290C_mRNA	405	cds	8	10	6	3	1.4209226210660872	1.4209226210660872	
YMR290C_mRNA	406	cds	5	6	8	11	1.5572472895231435	1.5572472895231435	
YMR290C_mRNA	407	cds	1	12	6	11	1.699094503436883	1.699094503436883	
YMR290C_mRNA	408	cds	6	12	5	16	2.096706458187066	2.096706458187066	
YMR290C_mRNA	409	cds	0	4	9	17	1.501847910530668	1.501847910530668	
YMR290C_mRNA	410	cds	0	3	2	5	1.5268493171433646	1.5268493171433646	
YMR290C_mRNA	411	cds	5	24	10	15	1.4247410441609518	1.4247410441609518	
YMR290C_mRNA	412	cds	2	4	6	11	1.5803053192577177	1.5803053192577177	
YMR290C_mRNA	413	cds	2	4	4	5	1.4805915959482658		
YMR290C_mRNA	414	cds	3	14	2	10	0.9511683050886053		
YMR290C_mRNA	415	cds	6	16	7	13	0.783902726894598		
YMR290C_mRNA	416	cds	7	23	11	14	0.8316801068800732		
YMR290C_mRNA	417	cds	4	7	4	7	0.7378171173903503		
YMR290C_mRNA	418	cds	5	8	2	7	0.6473534501779586		
YMR290C_mRNA	419	cds	3	7	3	3	0.9620143598489239		
YMR290C_mRNA	420	cds	3	17	13	14	1.1536271248534318		
YMR290C_mRNA	421	cds	0	2	1	6	1.0830969996427713		
YMR290C_mRNA	422	cds	4	9	1	5	0.7262860514361829		
YMR290C_mRNA	423	cds	4	11	4	8	0.47455762655278394		
YMR290C_mRNA	424	cds	9	20	4	8	1.3046034651632463		
YMR290C_mRNA	425	cds	1	2	5	4	1.2207381925602883		
YMR290C_mRNA	426	cds	6	10	3	6	1.36842980959798		
YMR290C_mRNA	427	cds	2	7	3	4	0.702501393068533		
YMR290C_mRNA	428	cds	0	4	3	5	0.7158652004335033		
YMR290C_mRNA	429	cds	3	9	3	3	0.5022260783229108		
YMR290C_mRNA	430	cds	3	11	1	1	0.35938369583084867		
YMR290C_mRNA	431	cds	4	8	2	4	0.9794330591019575		
YMR290C_mRNA	432	cds	1	8	9	2	0.9965661921145801		
YMR290C_mRNA	433	cds	0	3	0	2	0.9911310991198429		
YMR290C_mRNA	434	cds	5	9	2	5	0.7107344001911131		
YMR290C_mRNA	435	cds	4	8	7	15	0.8041379239454363		
YMR290C_mRNA	436	cds	6	19	3	11	1.5069506056852584		
YMR290C_mRNA	437	cds	3	7	10	19	1.4314039910102245		
YMR290C_mRNA	438	cds	2	5	4	6	2.0613437290533665		
YMR290C_mRNA	439	cds	7	17	27	35	1.5303357687362777		
YMR290C_mRNA	440	cds	6	17	7	17	1.554598145909535		
YMR290C_mRNA	441	cds	1	8	3	5	0.8799752465212938		
YMR290C_mRNA	442	cds	6	18	2	8	0.6622035573124934		
YMR290C_mRNA	443	cds	5	23	2	5	0.3500722207580558		
YMR290C_mRNA	444	cds	19	59	14	21	0.7006894232630476		
YMR290C_mRNA	445	cds	3	8	5	13	0.7808571141297309		
YMR290C_mRNA	446	cds	17	25	11	13	1.7894399142573878		
YMR290C_mRNA	447	cds	2	3	7	14	1.8655793995838739		
YMR290C_mRNA	448	cds	4	4	4	12	1.9647110440641717		
YMR290C_mRNA	449	cds	5	10	8	4	0.9835289508119769		
YMR290C_mRNA	450	cds	12	25	7	16	1.0123374097994837		
YMR290C_mRNA	451	cds	1	7	6	2	1.2760666793567268		
YMR290C_mRNA	452	cds	2	4	3	9	1.2294870855792888		
YMR290C_mRNA	453	cds	5	17	1	9	0.7346138747109765		
YMR290C_mRNA	454	cds	15	36	3	12	0.47712667530400105		
YMR290C_mRNA	455	cds	7	6	4	8	0.9116451261345565		
YMR290C_mRNA	456	cds	2	0	8	9	1.4036939810858784		
YMR290C_mRNA	457	cds	0	2	4	5	1.2949502553241352		
YMR290C_mRNA	458	cds	0	0	3	6	1.3923255551374938		
YMR290C_mRNA	459	cds	3	3	7	5	2.0303708852928106		
YMR290C_mRNA	460	cds	1	2	7	4	1.9929616347336918		
YMR290C_mRNA	461	cds	7	9	3	4	1.5268593956939964		
YMR290C_mRNA	462	cds	0	2	0	4	0.43824676510340954		
YMR290C_mRNA	463	cds	11	21	7	5	0.7199757749786665		
YMR290C_mRNA	464	cds	19	54	43	49	0.6955113814423399		
YMR290C_mRNA	465	cds	9	17	6	9	0.8805119587384449		
YMR290C_mRNA	466	cds	4	19	9	8	0.6022121326867631		
YMR290C_mRNA	467	cds	7	21	4	8	1.4361826145730154		
YMR290C_mRNA	468	cds	1	7	5	13	2.3681196047051736		
YMR290C_mRNA	469	cds	1	15	8	17	2.520780464371575		
YMR290C_mRNA	470	cds	5	11	4	13	1.8509774355309594		
YMR290C_mRNA	471	cds	0	4	4	5	0.8854411736877259		
YMR290C_mRNA	472	cds	6	5	6	2	0.8088181483738757		
YMR290C_mRNA	473	cds	3	7	0	9	0.870419321506597		
YMR290C_mRNA	474	cds	3	5	3	9	0.919136423957591		
YMR290C_mRNA	475	cds	4	10	7	7	1.457636830399699		
YMR290C_mRNA	476	cds	2	7	8	12	1.490133190328062		
YMR290C_mRNA	477	cds	4	9	7	12	1.5305278510875815		
YMR290C_mRNA	478	cds	0	6	7	5	1.1420740952143091		
YMR290C_mRNA	479	cds	6	13	8	16	1.061148043965762		
YMR290C_mRNA	480	cds	5	3	3	5	1.3389663848729556		
YMR290C_mRNA	481	cds	2	3	2	11	1.5369625268827454		
YMR290C_mRNA	482	cds	1	5	4	4	2.1006297180032307		
YMR290C_mRNA	483	cds	4	1	3	5	3.2947945022135317		
YMR290C_mRNA	484	cds	1	1	4	9	3.239454968836724		
YMR290C_mRNA	485	cds	0	2	2	7	2.5615771379423		
YMR290C_mRNA	486	cds	3	6	3	4	1.488316307485397		
YMR290C_mRNA	487	cds	4	4	6	16	1.2866542939884125		
YMR290C_mRNA	488	cds	4	11	5	10	1.272799378113424		
YMR290C_mRNA	489	cds	10	39	15	13	0.692550254533996		
YMR290C_mRNA	490	cds	12	37	14	11	0.5312662040693122		
YMR290C_mRNA	491	cds	14	36	11	10	0.7077034775513062		
YMR290C_mRNA	492	cds	6	18	14	14	0.8329206963505897		
YMR290C_mRNA	493	cds	0	6	2	11	1.1090754169869275		
YMR290C_mRNA	494	cds	3	14	8	10	0.949853566631742		
YMR290C_mRNA	495	cds	3	14	2	10	0.8119488948885754		
YMR290C_mRNA	496	cds	3	10	2	5	0.5268765966588881		
YMR290C_mRNA	497	cds	5	19	2	8	1.0084200500936105		
YMR290C_mRNA	498	cds	4	6	6	22	1.1581327893779598		
YMR290C_mRNA	499	cds	8	28	12	23	1.1621685508804878		
YMR290C_mRNA	500	cds	3	7	1	4	0.6987526252882506		
YMR290C_mRNA	501	cds	4	7	2	9	0.6609077394873215		
YMR290C_mRNA	502	cds	7	11	5	14	0.6180622797927458		
YMR290C_mRNA	503	cds	17	77	4	22	0.46454360507485304		
YMR290C_mRNA	504	cds	2	1	0	1	0.18676043857698504		
YMR290C_mRNA	505	cds	0	0	0	0	0.09755495752021856		
YMR290C_mRNA	506	3utr	0	0	0	0	0.0		
YMR290C_mRNA	507	3utr	0	1	0	0	0.3050567702016713		
YMR290C_mRNA	508	3utr	0	1	2	0	0.30505677020167127		
YMR290C_mRNA	509	3utr	0	0	0	0	0.3050567702016713		
YMR290C_mRNA	510	3utr	0	0	0	0	0.0		
YMR290C_mRNA	511	3utr	0	0	0	0	0.0		
YMR290C_mRNA	512	3utr	0	0	0	0	0.0		
YMR290C_mRNA	513	3utr	0	0	0	0	0.0		
YMR290C_mRNA	514	3utr	0	0	0	0	0.0		
YMR290C_mRNA	515	3utr	0	0	0	0	0.0		
