Codon	AA	Abbr	R_PC_NC_1_0_absolute_cst	R_PC_NC_2_0_absolute_cst	R_PC_V1_1_1_absolute_cst	R_PC_V1_1_2_absolute_cst	R_PC_V2_2_1_absolute_cst	R_PC_V2_2_2_absolute_cst	R_PC_NC_1_0_relative_cst	R_PC_NC_2_0_relative_cst	R_PC_V1_1_1_relative_cst	R_PC_V1_1_2_relative_cst	R_PC_V2_2_1_relative_cst	R_PC_V2_2_2_relative_cst
TAA	Stop	*	0.2206874796951156	0.04488155413087105	0.1278540157648426	0.06453690157494466	0.051195285009256596	0.04004257068942822	0.461685261297639	0.6036127924276274	1.0	1.0	0.7804308512116901	0.5318652258888206
TAG	Stop	*	0.11728210390258977	0.013744697604309856	0.005819795829298888	0.009365198193111691	0.015282691415522602	0.03259340391688609	0.2453579100210388	0.1848526741703046	0.045519069498787076	0.14511384904706315	0.23297231118188644	0.43292170902796057
TGA	Stop	*	0.20595254077209993	0.036557011609777625	0.02868078850077542	0.011841653782008148	0.011402567578190892	0.06634005980852181	0.43085929810174045	0.49165587707242825	0.22432450266972442	0.18348655564532815	0.1738229510674143	0.881161481094738
GCA	Ala	A	0.2138943823460169	0.03256131415374236	0.05348277356571965	0.027387604609237576	0.03428845743214531	0.043783917977790784	0.4474738845173533	0.4379176733529082	0.418311253235007	0.42437123476455124	0.522699893470005	0.5815596507569731
GCC	Ala	A	0.1890484509773766	0.028118270646156625	0.04806628493052876	0.02561265021257742	0.027333437957853868	0.04110438441305779	0.39549540195023475	0.37816310490211164	0.37594661882920744	0.39686829685856956	0.41667622805758014	0.5459687608578976
GCG	Ala	A	0.14091262066021273	0.02150767005829342	0.044994811714000035	0.02349163726050629	0.023599500579186694	0.03401632638224682	0.2947937063739339	0.2892570240469658	0.3519233357265634	0.3640031778288302	0.359755362663873	0.45182166888146635
GCT	Ala	A	0.15517167121291747	0.02351598791617439	0.03775501628923338	0.020242707606181982	0.025334467097635857	0.043545816245275246	0.324624095888448	0.316266925414084	0.29529785250292695	0.3136609770872679	0.38620352867314983	0.5783970657988018
TGC	Cys	C	0.14315208106129962	0.021694513825935433	0.036025811666612395	0.018503321157804672	0.02133842684434469	0.03413080842329044	0.29947872911228723	0.29176988908736157	0.2817730162881501	0.28670916493128124	0.32528711623813117	0.45334227596466636
TGT	Cys	C	0.1388918885894834	0.020810909613718342	0.027777625133453367	0.014169406840533794	0.026839330320591683	0.041926474232005274	0.29056627029384413	0.2798862808597598	0.2172604823343506	0.21955511489933108	0.40914395542995435	0.556888164375885
GAC	Asp	D	0.38911651642808487	0.05910551377166454	0.08520929472384042	0.04241770837593278	0.053953047627268665	0.06854053604764883	0.8140441895956978	0.7949110699587894	0.6664577112741057	0.6572628580049578	0.8224707192781692	0.9103892946900141
GAT	Asp	D	0.3003228189699154	0.04623067580663964	0.06701397093149312	0.03387888578166184	0.04260062207747745	0.05923212363962854	0.6282849364237754	0.6217571530186344	0.524144435594026	0.5249537079545005	0.6494121430139885	0.7867503578580916
GAA	Glu	E	0.4780041690627913	0.07435487566518448	0.10807232310001666	0.047083412118324695	0.051795285156399834	0.051533204089980314	1.0	1.0	0.8452790665471962	0.7295579888298205	0.7895773697920139	0.6844895011030933
GAG	Glu	E	0.4522017187612899	0.0702991518544911	0.09705948954296645	0.04533838396101054	0.06559874578224482	0.07528706285038947	0.9460204492523747	0.9454545008056222	0.7591430661160035	0.7025187583317819	1.0	1.0
TTC	Phe	F	0.08414136778729145	0.013326578307523124	0.02009692745484231	0.011183252499344397	0.013654471031615217	0.019745183612773703	0.1760264307992647	0.1792293805658677	0.15718651725266014	0.17328462052609764	0.20815140394514953	0.2622652932019855
TTT	Phe	F	0.1199649220150812	0.01939554130206953	0.02751383561507929	0.014871573183445902	0.01919151127120027	0.02375532501402377	0.25097045126257556	0.2608509681248945	0.2151972736287339	0.2304351901086546	0.29255911896405046	0.3155299744025129
GGA	Gly	G	0.3413611747077004	0.05316417667481803	0.07486545499844573	0.03777938162296739	0.041456623120830524	0.05174284229247629	0.7141384883253157	0.7150059252901331	0.5855541928080158	0.5853919339324866	0.6319728011027204	0.6872740193796605
GGC	Gly	G	0.13435349195104884	0.02048260145886206	0.029709823336433572	0.015942570491731683	0.023097576396949628	0.04248289126943335	0.28107179946666944	0.2754708588458137	0.23237301666830557	0.24703030518467148	0.3521039331090579	0.5642787706283003
GGG	Gly	G	0.34402692953124253	0.05459506309987209	0.08218498705159909	0.0400047532982151	0.05133332271463651	0.07119769265710107	0.7197153326209811	0.7342499413987371	0.6428033297190997	0.6198740925261008	0.7825351247573785	0.9456829628031207
GGT	Gly	G	0.15861952206407579	0.0246513636104241	0.032141498820268115	0.016386270246319095	0.0288574274440835	0.05344729563774261	0.33183711007181466	0.3315366126281712	0.2513921727682363	0.25390543776400915	0.43990821928022517	0.7099134116037058
CAC	HIS	H	0.1949290467672155	0.02900610562077817	0.04438512449031776	0.022469273371642236	0.03284972948497416	0.04690299220466743	0.4077977963025033	0.39010361272596183	0.3471547156716122	0.348161638121864	0.5007676456805883	0.6229887370938233
CAT	HIS	H	0.1252433368248784	0.01913960220674612	0.027515469822965547	0.01519385399991163	0.02332718120684532	0.03912588459339181	0.2620130637572457	0.25740883883567495	0.21521005545554225	0.23542893490583042	0.35560407335042576	0.5196893478384568
ATA	Ile	I	0.23954159201666322	0.0378793835186503	0.05498448388853693	0.026666451250851687	0.035468801433346644	0.04440712828237506	0.5011286669033146	0.5094404795889765	0.43005676090509326	0.41319695554154834	0.5406932862875977	0.5898374382145967
ATC	Ile	I	0.21627749399393142	0.033853585047102286	0.048837878694592565	0.025927612335115816	0.03054002491830739	0.0432995595558197	0.45245943025555685	0.4552974467947864	0.38198157799296945	0.40174863841281416	0.4655580614252149	0.5751261626697355
ATT	Ile	I	0.2360447737920406	0.036666869665221216	0.0511945619623798	0.0263438017788566	0.03290775310199628	0.04168052914733619	0.49381321140952944	0.4931333599470991	0.4004141884486457	0.4081974984228888	0.5016521689489862	0.5536214001356884
AAA	Lys	K	0.27490907187890806	0.042617989643769845	0.05695435099329572	0.024914382352187334	0.024387596605645438	0.024005801871893613	0.5751185652165214	0.5731700747598057	0.4454639195537656	0.38604862867881956	0.37176925129940924	0.31885693189543024
AAG	Lys	K	0.269649001181587	0.04261021769105802	0.06553058255372446	0.03218709293044762	0.030462856155195298	0.03330272083848175	0.5641143291914794	0.5730655496342871	0.5125422315576896	0.4987393591102258	0.4643816858376654	0.4423432071544742
CTA	Leu	L	0.17983701286207568	0.028645806018612042	0.04521388896470496	0.02252359226396404	0.022387912931524492	0.031944750128086556	0.3762247789902687	0.38525793718763485	0.3536368309921941	0.3490033099560584	0.34128568564163125	0.4243059686305893
CTC	Leu	L	0.1307073634743562	0.019884024037775793	0.03322707124498673	0.01733049397035561	0.019546706750200874	0.03079012884887604	0.2734439821531897	0.267420580827979	0.259882891016111	0.2685361947572004	0.2979737877167074	0.4089697178127697
CTG	Leu	L	0.13463007145526382	0.02068729137976594	0.03229467063947518	0.01729111421310896	0.020649396936150716	0.03237288419567216	0.2816504126297246	0.2782237371079681	0.25259019395115156	0.2679260049853701	0.3147834107178883	0.42999265703861483
CTT	Leu	L	0.10620404836707079	0.01636458238447129	0.02506600242241926	0.013154403220385193	0.017178032353067953	0.025224686757126018	0.2221822637557784	0.22008754957993634	0.1960517412962787	0.2038276226370955	0.26186525593172877	0.3350467637082953
TTA	Leu	L	0.16473166273118017	0.02561521122337191	0.040485713612701126	0.021735302357445956	0.027834651971513028	0.038701213088124874	0.3446239037081302	0.34449941573052534	0.31665578410274636	0.33678874918104706	0.42431683166489514	0.5140486508954661
TTG	Leu	L	0.23743805176610341	0.037070161052310785	0.05258088098770114	0.02748092873676239	0.04209090557290785	0.06778172485672584	0.4967279934642436	0.4985572327393228	0.4112571722769452	0.42581729314738886	0.6416419257866408	0.9003103892022161
ATG	Met	M	0.18285111360241044	0.02859451040116882	0.046283340986396526	0.024061422673566313	0.03059276997919723	0.04124453862977787	0.38253037407795254	0.38456806154754636	0.3620014647918752	0.37283200907351505	0.4663621173604446	0.5478303584739261
AAC	Asn	N	0.2627349094198886	0.04027417243957793	0.06113371143271461	0.03198576546244161	0.03800164965659376	0.04562366898653545	0.5496498282327227	0.5416480369213459	0.47815245432068165	0.49561978777827687	0.5793045157104117	0.6059961334552106
AAT	Asn	N	0.20727614642570427	0.03214876161496416	0.05021341522384052	0.02634922923459997	0.029048875273014304	0.033747547404430624	0.43362832343513763	0.43236924717254716	0.39274022738711856	0.40828159690935034	0.4428266871053009	0.44825161358059334
CCA	Pro	P	0.2619429822449355	0.03932826849914971	0.06389879300726727	0.03533052727390212	0.028947029486309103	0.03707572296198213	0.5479930912705624	0.5289265585789227	0.49977931960145916	0.5474469088491009	0.4412741301853366	0.4924580871969869
CCC	Pro	P	0.18844822100035724	0.028019173682126298	0.042557037015166076	0.022240229379401143	0.029088868053375957	0.039578207756961095	0.39423970165331845	0.3768303481306989	0.3328564751023522	0.3446125989419289	0.4434363448035503	0.5256973277814138
CCG	Pro	P	0.18585840208213808	0.028379068725575628	0.044882407126791125	0.02481180267082394	0.02777469541394042	0.04243977732131949	0.3888217176987079	0.38167058275189464	0.3510441722013782	0.38445915538741476	0.4234028422759572	0.5637061098485919
CCT	Pro	P	0.1799336729135466	0.027419327060235536	0.039026222437295977	0.02132867041814499	0.023639881727364045	0.03596949532857561	0.37642699490746545	0.3687630006094437	0.30524049013114724	0.3304879828074281	0.36037094071640763	0.4777646247145307
CAA	Gln	Q	0.1304223154143464	0.020203700254080827	0.03496995297896278	0.017855445945650087	0.017942290464857145	0.023150902283037688	0.2728476525007336	0.27171991175208027	0.27351470166789116	0.2766703313904081	0.2735157547739802	0.307501732788317
CAG	Gln	Q	0.18761745313838651	0.028830125801840405	0.044692105914028744	0.022992749698990792	0.0316755592629103	0.04458026321860275	0.3925017087324626	0.3877368571182974	0.3495557464243389	0.35627290957391317	0.4828683671492346	0.592137102056866
AGA	Arg	R	0.272401992563987	0.04253829374720457	0.06381215053811352	0.03189004000362817	0.0369338362005834	0.05172685422382203	0.5698736751565945	0.5720982432779786	0.49910165243054216	0.49413652074070025	0.5630265603428661	0.6870616579453191
AGG	Arg	R	0.2757474557936802	0.042081170315030565	0.07255053497762529	0.038745138909828745	0.03993977562693739	0.045659261299579264	0.5768724911632678	0.5659503823867521	0.5674482302618085	0.6003563537185814	0.6088496837960524	0.6064688881582935
CGA	Arg	R	0.23676553693209462	0.035249953857825596	0.06421920521294126	0.03468107792263188	0.033254151397595556	0.03562452842093598	0.49532107093608374	0.4740772349153539	0.5022853981454708	0.5373836840053104	0.5069327317321398	0.47318260365302184
CGC	Arg	R	0.13230340240658206	0.019620473132843992	0.03459707638880929	0.018443534837796562	0.020282961031659347	0.03131515737758343	0.2767829466131759	0.2638760801805896	0.2705982771197619	0.2857827752449298	0.30919739073958336	0.41594340637000204
CGG	Arg	R	0.22003967127072652	0.03378370699167599	0.06215534675615504	0.031971226037702284	0.03401468424147463	0.05306660878461766	0.4603300253680879	0.45435765562707664	0.48614309362386543	0.49539449923196444	0.5185264418680571	0.7048569405619087
CGT	Arg	R	0.19009148259293104	0.02848579666920717	0.042575987447999536	0.02342845534209213	0.03514407862099243	0.057708099462896054	0.3976774574281179	0.3831059686990399	0.3330046944032486	0.36302417330781533	0.5357431487738086	0.7665075150769748
AGC	Ser	S	0.1813074021950939	0.027694277885704128	0.049363979240596025	0.026562134802156405	0.030239142757218868	0.03955224625816059	0.3793008804726075	0.37246081898394656	0.38609643150661344	0.41158057102122636	0.4609713554219126	0.5253524943157745
AGT	Ser	S	0.30291558561758236	0.04603540798296776	0.06512291054251494	0.036271809265217	0.05253994849577581	0.06630517369957507	0.6337090871226082	0.6191309927039947	0.5093536573954253	0.5620320836614027	0.800929162124262	0.8806981065437071
TCA	Ser	S	0.22649949118920343	0.03423516072389159	0.05392015698477121	0.028849110180096497	0.03828921380870503	0.050629949191317684	0.4738441751110546	0.4604292646261754	0.4217322128070241	0.4470172796658814	0.5836881994025641	0.6724920228582907
TCC	Ser	S	0.17988426825142226	0.02672385372230526	0.04190483299490877	0.0218572203040093	0.02672422099928376	0.04163396943652178	0.3763236387751932	0.35940956774161203	0.3277553133096958	0.33867786910450304	0.40738920661676775	0.5530029710317806
TCG	Ser	S	0.3268718758611502	0.050600032345839756	0.09423629347753444	0.04762207658659199	0.041865755665765704	0.06573016923800325	0.6838264120207116	0.6805207041659064	0.7370616629739651	0.7379046006925198	0.6382096969466332	0.8730606129318965
TCT	Ser	S	0.18351889261423812	0.02874836341780347	0.040453560303427345	0.02096869575075935	0.032202654986220394	0.04482834014726683	0.3839273891147397	0.3866372334109685	0.31640429955545674	0.32491017137550476	0.4909035165568131	0.595432182503251
ACA	Thr	T	0.15906540612341327	0.02465921160749718	0.04206003737418276	0.023024879514800825	0.025351751834544488	0.0304176089337302	0.33276991377562276	0.33164216047561057	0.3289692319992695	0.35677076142341235	0.3864670205540161	0.40402172407995385
ACC	Thr	T	0.16373743761448403	0.02510432823036077	0.03910961714115322	0.02133550444932703	0.027509961799540465	0.036268583265862964	0.34254395298584783	0.3376285415821828	0.3058927551645008	0.3305938761957883	0.4193671917274126	0.4817372586035921
ACG	Thr	T	0.2849252540853666	0.04466204522828249	0.07431461622824574	0.03779345138521452	0.05193925886228073	0.074742986938758	0.5960727385370115	0.6006606134262531	0.5812458512443599	0.5856099450533147	0.7917721328803025	0.9927733146833918
ACT	Thr	T	0.1819623243024979	0.027391452676921724	0.044521030658070955	0.025367004997388358	0.03030937183635638	0.0385349197938321	0.38067099845439856	0.3683881175494635	0.3482176949369891	0.39306202154639325	0.4620419411213807	0.5118398611247291
GTA	Val	V	0.20049689788891256	0.03136370631606588	0.04928928295035884	0.02454058917871202	0.02963905385700778	0.04791251917312392	0.4194459188128441	0.4218110249729252	0.38551220042251066	0.38025669934299233	0.4518234838726137	0.6363977735236627
GTC	Val	V	0.1671639581232064	0.02558540520854071	0.04638114367154034	0.023225999285371165	0.02747449662859828	0.04698699595469407	0.3497123434110624	0.34409855412508855	0.36276642070318343	0.35988711448131033	0.4188265537850362	0.6241045164435047
GTG	Val	V	0.13856486080893266	0.021473184989185476	0.036598046323150744	0.019853318125156293	0.0219465228491105	0.03638133633916948	0.28988211772422967	0.2887932337601899	0.28624870407249664	0.3076273827943423	0.33455704964180305	0.48323490068229263
GTT	Val	V	0.12418003532821668	0.019410886866749407	0.03204261436154219	0.016454529883680805	0.020830349890840705	0.031893555562617755	0.25978860304020535	0.26105735088786186	0.250618755851025	0.25496312159598616	0.31754189264512916	0.4236259770951174
TGG	Trp	W	0.31046075457951144	0.04889896935226074	0.0754854731016089	0.03842202296995961	0.04564632015307778	0.06098335017910469	0.6494938217552008	0.6576430787464409	0.590403615013913	0.595349668675081	0.6958413550253054	0.810011014778075
TAC	Tyr	Y	0.19334044708259196	0.0302470693363582	0.04310558070835447	0.022361794206592865	0.030775269918701824	0.04447715765305599	0.4044743949862799	0.40679335505258496	0.33714686590397797	0.34649624727683626	0.4691441818241525	0.5907676029471497
TAT	Tyr	Y	0.155812099999989	0.024457625335484096	0.03483386900136288	0.018336796579734114	0.023303460843116956	0.032423498708621976	0.3259638933808573	0.3289310232406992	0.27245033167696187	0.28412886476181654	0.355242475526481	0.4306649440296799
