Codon	AA	Abbr	wt_ribo_YPD1_absolute_cst	wt_ribo_YPD2_absolute_cst	wt_ribo_YPD3_absolute_cst	ncs2d_ribo_YPD1_absolute_cst	ncs2d_ribo_YPD2_absolute_cst	ncs2d_ribo_YPD3_absolute_cst	elp6d_ribo_YPD1_absolute_cst	elp6d_ribo_YPD2_absolute_cst	elp6d_ribo_YPD3_absolute_cst	ncs2d_elp6d_ribo_YPD1_absolute_cst	ncs2d_elp6d_ribo_YPD2_absolute_cst	ncs2d_elp6d_ribo_YPD3_absolute_cst	wt_ribo_YPD1_relative_cst	wt_ribo_YPD2_relative_cst	wt_ribo_YPD3_relative_cst	ncs2d_ribo_YPD1_relative_cst	ncs2d_ribo_YPD2_relative_cst	ncs2d_ribo_YPD3_relative_cst	elp6d_ribo_YPD1_relative_cst	elp6d_ribo_YPD2_relative_cst	elp6d_ribo_YPD3_relative_cst	ncs2d_elp6d_ribo_YPD1_relative_cst	ncs2d_elp6d_ribo_YPD2_relative_cst	ncs2d_elp6d_ribo_YPD3_relative_cst
GCA	Ala	A	4.449004565410769e-06	1.8551411202219208	0.3236748855571756	4.174560866295712e-05	0.0003440868160304892	0.005900729809000788	4.312048319601724e-06	1.0742018579454e-05	0.9899951864044515	8.908486234574692e-06	3.057043826983741e-06	0.05008929009609662	0.5919314484864686	0.5670136745925961	0.614526228283292	0.5748994351056371	0.581969880098383	0.5678790446105855	0.6521696520875058	0.6357126290839822	0.6429678048060304	0.6981898730426771	0.677265940704031	0.6566567596224563
GCC	Ala	A	3.7676345313051785e-06	1.6397858655619235	0.2828567756270208	3.5960238348164164e-05	0.000318197129926939	0.005915138704252473	3.139146296759725e-06	7.503547485136349e-06	0.9057497501116648	6.996248565785635e-06	2.115436589076516e-06	0.04452782646319248	0.5012764839177464	0.5011915261012824	0.5370293316740556	0.49522623755557443	0.5381814615495805	0.5692657391270739	0.47477574379283943	0.44405991890166585	0.5882532930771118	0.5483209794906406	0.4686596701213251	0.5837475073464781
GCG	Ala	A	3.5509284525728387e-06	1.5111403751313743	0.2592310283780155	3.311367925665999e-05	0.0002826421409872545	0.0049409889953480335	3.278882190872415e-06	7.327665966139527e-06	0.7769409481679037	7.543230016179326e-06	1.8221995135939265e-06	0.036268575957693144	0.4724441594743991	0.46187173988465946	0.4921737003132439	0.4560248636598646	0.4780456711440161	0.4755147585015078	0.49590990155107784	0.4336512511059677	0.5045964089196573	0.5911898686993248	0.40369511775768924	0.47547101423894306
GCT	Ala	A	3.626074675236921e-06	1.5996373126818169	0.25994328119365745	3.29924029603582e-05	0.00029888897431156245	0.005123079845353972	3.2535059627088066e-06	7.588043517457909e-06	0.7959570019650085	7.383905530641458e-06	2.0412575288802937e-06	0.04053193266889963	0.48244221898992806	0.48892034185013433	0.4935259771067528	0.45435470776877396	0.5055246886512956	0.4930389599614645	0.4920719097972465	0.4490603938549529	0.5169466814602783	0.5787030399159401	0.4522258360555884	0.531362443279453
TGC	Cys	C	3.193718244149361e-06	1.3434894894924196	0.2219809588689585	2.9305607750044065e-05	0.00024032120537034014	0.0045312435925884105	3.7221637528871242e-06	6.058078798274236e-06	0.6599816595648965	1.1185586893024868e-05	1.6510680964943674e-06	0.03202874220144235	0.42491803245485077	0.41063016926847085	0.4214510531752483	0.4035820264821664	0.40646632349343753	0.4360813603652667	0.5629533947238633	0.35851708611032734	0.4286353758990099	0.8766543818004466	0.36578219051637395	0.41988796464139017
TGT	Cys	C	2.743078484164722e-06	1.1298980483126166	0.1812010908590756	2.3947913367954677e-05	0.0001995025790798794	0.0036045579038175204	2.7707251821727135e-06	5.160866734168086e-06	0.5245921694003858	7.680907681117157e-06	1.4863745544250768e-06	0.027371861966325083	0.36496128438874187	0.34534712066114936	0.34402676233209284	0.3297985658408322	0.3374279008009063	0.34689825918500294	0.419054413159862	0.30542007869966076	0.34070456120379644	0.6019801588645255	0.3292955279069307	0.35883755088477215
GAC	Asp	D	4.916255404506711e-06	2.2225116999564367	0.3664015610374203	4.5247722142536276e-05	0.0003974495860622594	0.006807499319556605	4.040445948990495e-06	1.0550655765183494e-05	1.0203763155025478	9.288994720602787e-06	2.910994819523706e-06	0.05402580710758966	0.6540982684854593	0.6792984706557451	0.6956467102902929	0.6231287728867976	0.6722247908658886	0.6551454370746125	0.6110915355129615	0.6243877782778688	0.6626993026476282	0.7280116816593349	0.6449098398352041	0.7082634104655102
GAT	Asp	D	4.362535688140609e-06	1.890495070128601	0.3127842539632157	3.795074319688813e-05	0.0003388368929875931	0.00574084627354455	3.7545730772812476e-06	8.886031709868141e-06	0.8598780911343668	8.526866480905358e-06	2.350094036416242e-06	0.04629625154648585	0.580426931685237	0.5778194148295175	0.593849373032263	0.5226384648474445	0.5730904434519954	0.5524920480351185	0.5678550971742798	0.5258753314026605	0.5584612291555053	0.6682809704133079	0.5206463297213451	0.6069310717891491
GAA	Glu	E	6.276766896589471e-06	2.6535082954456484	0.43799561475474164	5.611922285841764e-05	0.0005000195105365669	0.008286972292575927	5.5977789841109766e-06	1.4366589827428597e-05	1.2550043242656588	9.914322947785573e-06	3.5661892087045295e-06	0.06249287868198316	0.8351116898813711	0.8110302083016676	0.8315745371362999	0.7728455891098335	0.8457060283531268	0.7975281127165033	0.8466281687835072	0.8502147452653209	0.8150821200715466	0.7770208874941347	0.7900634161155854	0.8192643803907343
GAG	Glu	E	6.124757944930184e-06	2.6842668506490552	0.43638984178262585	5.5506752688182154e-05	0.00048450617799464913	0.008291365201294278	5.643099704210801e-06	1.4670810842323785e-05	1.3228147391221887	1.0266808008243741e-05	3.7117929260285723e-06	0.06645169824933998	0.8148871930044423	0.8204313914358955	0.8285258310053472	0.764410959308882	0.8194676145030994	0.7979508808971838	0.853482637024389	0.8682185440645078	0.8591226509569938	0.8046464001941022	0.8223208661766689	0.8711634115816972
TTC	Phe	F	4.734113358314102e-06	2.099200605631814	0.32722147056639056	4.297533239968397e-05	0.00037450965591197315	0.006524800371896773	4.3128146274840084e-06	9.718164127951688e-06	0.9228641538456124	1.0212547927452455e-05	2.6274386431589e-06	0.05184830307244535	0.6298646216892066	0.6416091132538272	0.6212597427023893	0.5918345692244885	0.6334254304223765	0.6279388349243832	0.6522855512398203	0.5751209255461769	0.5993685093433098	0.8003938439324196	0.5820900206252095	0.6797169339424957
TTT	Phe	F	4.439630173229029e-06	1.8988877471903673	0.2950009157976448	3.747791811091667e-05	0.0003339572481869695	0.005646577254641569	3.902528879209116e-06	8.628200119892133e-06	0.8011015530673397	9.807487462997015e-06	2.2493417762892615e-06	0.04465785025410384	0.5906842037463848	0.5803845903887179	0.5600860870412524	0.5161269566065796	0.5648372754512488	0.5434197125573368	0.5902324632694117	0.5106168586387005	0.520287890361497	0.7686478091060827	0.49832539548067295	0.5854520833356741
GGA	Gly	G	5.241603395025082e-06	2.40118499410512	0.39776491875975595	4.775336331921517e-05	0.0004371054198532161	0.007286102661884845	4.9801982780997035e-06	1.2587277966298521e-05	1.1652695308687462	1.0048586071217999e-05	3.381310720709657e-06	0.06437868943440747	0.697385189066967	0.7339089797768462	0.7551928993442534	0.6576351974710039	0.7392965290474512	0.7012056393862343	0.7532230479864079	0.7449150743670783	0.7568024598090731	0.7875435678502855	0.7491049247840014	0.8439868385364255
GGC	Gly	G	4.76865007911187e-06	2.100490852040673	0.3477885310531416	4.491356641032647e-05	0.00040685713827583327	0.006646635256939239	4.133337371549533e-06	1.0725960017544732e-05	1.0718111501265817	8.175802057720318e-06	2.9716288716113273e-06	0.05573406556908728	0.6344596655618819	0.6420034699684956	0.6603081788701834	0.6185269489384216	0.6881362172230895	0.6396640757602912	0.6251407673958355	0.6347622834357094	0.6961044577058928	0.6407667981286755	0.6583428753590479	0.730658207113109
GGG	Gly	G	5.79505931276354e-06	2.465096065831552	0.42372197162454606	5.347723730602742e-05	0.0004861102714707914	0.007746725877445198	5.339082500436666e-06	1.3086025565971975e-05	1.3436166297286734	9.90077678242633e-06	3.528770243816735e-06	0.06687055570401425	0.7710214279702385	0.7534430471487237	0.8044747265916496	0.7364614986564065	0.8221806916815473	0.7455354562131065	0.8075019848334815	0.77443095590206	0.8726327630491979	0.7759592261497328	0.78177351518868	0.8766545171334515
GGT	Gly	G	4.393529103744976e-06	1.9520741292671493	0.31308035587476196	3.881048247800726e-05	0.0003600024131626151	0.005951612997727816	4.006034568835847e-06	9.874537665247266e-06	0.9476592965963191	8.791434767988898e-06	2.688656803971183e-06	0.052756514116186114	0.5845505456583197	0.5966407153869253	0.5944115494599361	0.5344783599378256	0.6088886625775606	0.572775980673811	0.6058870349693822	0.5843751110400904	0.6154721012831608	0.6890161316860575	0.595652461210698	0.6916233298984371
CAC	HIS	H	1.4510367487003017e-06	0.5867214307599157	0.1016141520897369	1.3463588915091052e-05	0.0001074604266733386	0.001891615772912096	2.1560042988645e-06	2.655704372064199e-06	0.29103007312533186	9.491815606406993e-06	8.241705882582554e-07	0.014989535516757437	0.1930576316201113	0.17932817659586384	0.19292371577244374	0.18541374553363796	0.18175276910598764	0.18204679635611698	0.32608182220451054	0.1571645772112014	0.18901401725956085	0.7439074786310415	0.18258903056292056	0.1965086708515102
CAT	HIS	H	1.933190482211649e-06	0.7913440226081961	0.13100733352802788	1.6600844164904046e-05	0.00012547803578858596	0.0023169564339089867	2.177931941615957e-06	3.6313498595229666e-06	0.3522712034695764	8.113317746460596e-06	1.135421974704088e-06	0.01958215793233429	0.257207252883577	0.2418699457603979	0.2487293458429569	0.22861844007915338	0.21222678126788028	0.22298106313655972	0.32939823753300057	0.2149032743935574	0.22878802392346018	0.6358696795614078	0.25154452317836606	0.2567166823405205
ATA	Ile	I	5.7531884668807505e-06	2.3990721881154844	0.3826230849707092	4.944443408071331e-05	0.000398986847115529	0.006934820726898645	5.282757543789309e-06	1.2617736235072432e-05	1.1189513275024103	1.1257691353214764e-05	3.5101905322454242e-06	0.057465354307974864	0.7654505929467269	0.7332632122528417	0.7264447498186649	0.6809237697699058	0.6748248312893262	0.667398694129288	0.7989831963928308	0.7467175946267848	0.7267203806737453	0.8823054657871301	0.7776573145230948	0.7533549243368447
ATC	Ile	I	5.548496172616109e-06	2.424252876493606	0.398315439917762	5.058915821587205e-05	0.0004261758590232114	0.007271198782321021	5.064945741384871e-06	1.2396491690305788e-05	1.1078135170534626	1.1530474187579878e-05	3.4149335154428003e-06	0.05990463248027966	0.7382166792798165	0.7409595510868071	0.7562381138663417	0.6966883323127083	0.7208108594157435	0.6997713081828659	0.7660405582621488	0.7336243430946094	0.719486756073292	0.9036844304595375	0.7565538116802382	0.7853331875018937
ATT	Ile	I	5.7579412899243956e-06	2.490808312492306	0.39547619304176024	4.965388282706783e-05	0.00043445746724380264	0.007382502552381903	4.876513969086595e-06	1.2390289625313126e-05	1.0764109421820465	1.0578440821222523e-05	3.320586884697198e-06	0.059485153427556246	0.7660829468558457	0.7613018538466213	0.7508475452688708	0.6838081921036409	0.7348179248382449	0.7104830473489799	0.7375414612498618	0.7332573049059233	0.6990918643529976	0.8290701764003384	0.7356519982812391	0.7798339329713864
AAA	Lys	K	7.516080750206114e-06	3.2717749206927937	0.5267063807209282	7.261375836155833e-05	0.0005912450588891657	0.010390821540257968	6.611850621689384e-06	1.689760135005105e-05	1.5397274622531243	1.1408553084051548e-05	3.8103823423855966e-06	0.06632681485581036	1.0	1.0	1.0	1.0	1.0	1.0	1.0	1.0	1.0	0.8941290382691905	0.8441626380293094	0.8695262247825134
AAG	Lys	K	4.966513905346694e-06	2.194944920959541	0.3502832811629367	4.392770683554688e-05	0.0003637920810450134	0.006531298114407022	4.615695761721251e-06	1.12417288099487e-05	1.002792314804562	9.49426386928991e-06	3.0815782622338446e-06	0.05533869739427338	0.6607850647706913	0.6708728363547589	0.6650446890039328	0.6049501888722258	0.6152983024137366	0.6285641697436825	0.6980943801996999	0.6652854791082367	0.651279099313556	0.7440993577344479	0.6827013673153983	0.7254750395331123
CTA	Leu	L	5.423589268545622e-06	2.260207468190791	0.3704829211065506	4.628772561172438e-05	0.00040249941568478126	0.006680449445900493	4.909134372192736e-06	1.1191247215430764e-05	1.1096383777130885	1.2047216259685859e-05	3.129349942304848e-06	0.056273993604317035	0.7215980573913992	0.6908199747775422	0.7033955438311814	0.6374511753165095	0.6807658002943809	0.6429183120909072	0.7424750880016722	0.6622979784877546	0.7206719402726799	0.9441833516252062	0.6932848373843318	0.7377365145389697
CTC	Leu	L	5.399259540545104e-06	2.238551140493087	0.38432672441661503	4.8181498473708875e-05	0.00040829157549068687	0.00703757599908784	4.513577178018998e-06	1.0649619296266855e-05	1.1131685828742823	1.0970354959489803e-05	2.805304540111547e-06	0.05782200185404163	0.7183610341595971	0.6842008373910626	0.7296792643570572	0.6635312585502546	0.6905623469526954	0.6772877362797168	0.6826495993743037	0.6302444397668714	0.7229646870397135	0.859785886705696	0.6214949231508158	0.7580304751677349
CTG	Leu	L	4.998305564927206e-06	2.014119765429048	0.35018207700763193	4.387005640570502e-05	0.0003818528849703061	0.006266794636127849	4.660068639588139e-06	9.886346854163807e-06	1.0211884815253502	1.034311600495453e-05	2.4566567995238304e-06	0.0508999160956959	0.6650148835601769	0.6156046226439565	0.6648525437043709	0.6041562562740148	0.64584537194735	0.6031086773887819	0.7048054933820408	0.5850739788066984	0.6632267765303205	0.8106269303462251	0.5442545388556218	0.6672838426005011
CTT	Leu	L	4.63512933971116e-06	1.9262570046904255	0.3265450227533843	4.0146355531634736e-05	0.0003498243902454616	0.005991949725632897	4.092126990510603e-06	9.017255151679751e-06	0.9259635718433172	1.0198564812360723e-05	2.24476763769168e-06	0.049156427322432354	0.6166949895507776	0.5887498533311525	0.619975444965042	0.5528753288287057	0.5916741036326181	0.5766579382022702	0.6189079615753675	0.5336411343171206	0.6013814746723618	0.7992979372773982	0.4973120281704443	0.6444271862954722
TTA	Leu	L	6.932613384201018e-06	2.8408668636035648	0.4599793775078219	5.6199193688422534e-05	0.00047007252390732034	0.008062987599503859	5.936482919990681e-06	1.394973883229768e-05	1.269477149755555	1.2759403392306376e-05	3.943586547512298e-06	0.07029263930950468	0.9223707959777978	0.8682953236288073	0.8733127114925514	0.7739469069841501	0.7950553105517618	0.775972098862905	0.8978549667345417	0.8255455045550316	0.8244817221730235	1.0	0.8736730658794324	0.9215170880987684
TTG	Leu	L	5.671677265033919e-06	2.4426442179868424	0.39506278632700226	4.994810764254028e-05	0.0004502984762891293	0.007484725139516155	5.2811834238818545e-06	1.2936228178911556e-05	1.1037885300596975	1.1063491366130603e-05	3.342832919551731e-06	0.06279044010069344	0.7546056852673362	0.7465807634070426	0.7500626549962446	0.687860107637436	0.7616105530507983	0.7203208245389936	0.7987451208527859	0.765565946960423	0.7168726655329601	0.8670853194281507	0.7405804463426316	0.8231653284102428
ATG	Met	M	4.650621630551306e-06	1.9933083555968933	0.3330645117411053	4.171250191760825e-05	0.0003466841399598917	0.006117511905921358	4.422169780879786e-06	1.0194220302118495e-05	0.9330533699678408	9.442257587602704e-06	2.8033267166752875e-06	0.04867177477262721	0.6187562088690667	0.6092437297535165	0.6323532881550133	0.5744435057322528	0.5863628536892024	0.5887418893895738	0.6688248168180612	0.6032939285839937	0.6059860545725922	0.7400234397555113	0.6210567506790046	0.6380735252176801
AAC	Asn	N	4.267841204468861e-06	1.8272595459349816	0.302071611113026	3.8209894290482995e-05	0.0003386763513809321	0.005675628415347854	3.5633601236825967e-06	8.775067475763256e-06	0.8192231191266782	8.905049862849662e-06	2.472994947959914e-06	0.0444303073801556	0.5678280138690398	0.5584918248435201	0.5735104456102584	0.5262073628007015	0.5728189120383331	0.5462155608541948	0.5389353643280175	0.51930846834286	0.532057223898499	0.6979205523213727	0.5478741374273713	0.5824690591004459
AAT	Asn	N	4.44643222392815e-06	1.9694148259121016	0.3080673504092747	3.904614466529849e-05	0.0003376405525412844	0.005607149469809098	3.8109900644573724e-06	9.357776093461436e-06	0.834862625306277	9.933130598338494e-06	2.624514918828412e-06	0.04517426690174414	0.591589203429755	0.6019408038909598	0.5848939023438603	0.5377237805386684	0.5710670177534256	0.5396252306023045	0.5763878046421491	0.5537931626865586	0.5422145449588852	0.77849491021876	0.5814422906543242	0.5922221629635545
CCA	Pro	P	5.288948989182612e-06	2.281773213063074	0.3819029689601041	4.877166998745929e-05	0.0003984403993968966	0.007237799263681385	4.396966504905894e-06	1.1298586426622895e-05	1.1110379414272593	1.0349422010687255e-05	3.5259457376915e-06	0.058335543752627915	0.7036844287546502	0.6974114260219073	0.7250775440338795	0.6716588025180498	0.6739005990942039	0.6965569792185744	0.6650129829736583	0.6686503127018534	0.7215809087417638	0.8111211545304474	0.7811477662932776	0.7647628676294582
CCC	Pro	P	3.670293882457235e-06	1.5399774895036855	0.2640897164652081	3.50906455538706e-05	0.00027653063066918044	0.005178996857703596	2.892165688248953e-06	6.616731207940576e-06	0.8226890145473766	8.341306809513425e-06	1.8954760009211116e-06	0.040576961654336566	0.488325498945256	0.4706856452025121	0.5013983618420113	0.4832506448591643	0.4677089922556438	0.4984203450745646	0.43742151081900577	0.39157813413088866	0.5343082037021759	0.653737996444492	0.4199289933348342	0.5319527608425364
CCG	Pro	P	5.43929659163695e-06	2.2008618173797347	0.39610177554076675	5.303941923155807e-05	0.0004312359480395414	0.007404648539291534	4.448009414772361e-06	1.0535435533930979e-05	1.0766977968210323	1.0001389552239188e-05	2.701911044063556e-06	0.05092046621565128	0.723687886334615	0.6726813031850325	0.7520352705782741	0.7304320892944869	0.7293692210295165	0.7126143501361397	0.6727328957162461	0.6234870450354866	0.6992781665694731	0.7838446081475717	0.5985888422024404	0.6675532489976345
CCT	Pro	P	3.69138896273986e-06	1.5676387933488938	0.25566403651184527	3.3445249946622585e-05	0.00029150516463213795	0.005040298579716708	3.023770924981759e-06	7.000238814807756e-06	0.7482910952599251	8.647529728960545e-06	1.8982321485418326e-06	0.03997739338004055	0.49113215855732134	0.4791401705032168	0.4854014416189636	0.46059108771222174	0.49303611125278474	0.4850721918559266	0.45732595879626214	0.41427411321824126	0.48598931538502976	0.6777377799791803	0.4205395978981677	0.5240925863538121
CAA	Gln	Q	3.4834286809222175e-06	1.3740997624135005	0.25227555087536685	3.48917419411401e-05	0.00027616716758778394	0.004800808446459001	3.5398645831402963e-06	7.4931448448814825e-06	0.7367171889986359	9.079700381059652e-06	1.7287437705363004e-06	0.02936611094473796	0.4634634454701263	0.4199860307391001	0.4789680932478267	0.48051144477892443	0.4670942504054888	0.4620239533379392	0.5353818145147131	0.443444290680869	0.47847246156185197	0.7116085370053039	0.38299067407996573	0.38498160422497
CAG	Gln	Q	4.592148949280091e-06	1.9419984544322146	0.339901359367108	4.533716905295984e-05	0.000354770343828426	0.006344734929740261	4.434762233900353e-06	1.0112381601964667e-05	1.02868306943553	1.042529348184503e-05	2.765083078391308e-06	0.045997628557318336	0.6109765317721154	0.5935611408198579	0.645333665602966	0.6243605905538874	0.6000394227310252	0.6106095562471514	0.6707293445730076	0.5984507145408609	0.6680942534662794	0.8170674726164109	0.612584149328078	0.6030162068741282
AGA	Arg	R	5.483292025570448e-06	2.4225030237520193	0.38953125887820983	5.037873673731841e-05	0.0004280178775570983	0.007214828440642769	5.613498374085675e-06	1.3513249034651481e-05	1.1796908347420638	1.1456770520791602e-05	3.856738864332461e-06	0.06508192424152981	0.7295413936871392	0.7404247182257445	0.7395605467035348	0.6937905140024934	0.7239263502028424	0.6943462952077272	0.8490056256974812	0.799714039567554	0.7661686003935987	0.8979080109419355	0.8544325900551809	0.8532060526401339
AGG	Arg	R	6.160687158765123e-06	2.5042323435923093	0.42608300376638764	5.4347667846492504e-05	0.0004609458523221174	0.007966932487187897	5.779935987479075e-06	1.3389131605642937e-05	1.2499994803737184	1.1575506475118994e-05	3.6396712224599013e-06	0.06468102266542616	0.8196675053812025	0.7654048350801715	0.808957360993401	0.7484486283699112	0.7796189505382842	0.7667278719320691	0.8741782472396892	0.7923687704706376	0.811831646195724	0.9072137716171553	0.8063428245858137	0.8479503436974298
CGA	Arg	R	2.606699785552391e-06	0.9548450238794991	0.185770485932096	2.2589378990723793e-05	0.0001940904982835487	0.003152781646981391	3.3563882950117553e-06	5.880986980891877e-06	0.5475267325566899	8.544564540864744e-06	1.60506820929275e-06	0.026492618919401092	0.34681636243475794	0.29184312705634163	0.352702174744538	0.3110895166484399	0.3282741992773808	0.30341986288247985	0.5076322027000316	0.3480367928596037	0.35559977072532006	0.6696680305614382	0.3555912483378899	0.3473109173667883
CGC	Arg	R	4.306622389784488e-06	1.7728161036330508	0.31273625735096877	4.064182604219661e-05	0.0003433202781244484	0.005830686718613569	3.7425067292544274e-06	8.854806390347295e-06	0.9045704021334602	9.160719467397143e-06	2.4110096530000932e-06	0.047177569794023065	0.5729877755326653	0.5418514863050724	0.593758247095681	0.5596986984179071	0.580673399232258	0.5611381829649643	0.5660301394253497	0.5240274170819247	0.5874873471502405	0.7179582920719353	0.5341417438220758	0.6184849106140484
CGG	Arg	R	1.8181937979013507e-06	0.7695518511345869	0.12450267191962437	1.324908178946028e-05	0.00011815616449715373	0.0019513279531395585	2.6919127531351424e-06	3.320028774333465e-06	0.32869608675303064	8.042900404438258e-06	8.626466758418911e-07	0.014474158803748699	0.24190716655771563	0.23520928847135836	0.23637965378207798	0.18245966175570297	0.19984296311777414	0.18779342379997355	0.4071345387484474	0.19647929345447804	0.21347679690796764	0.6303508210491989	0.19111312937430483	0.18975222447944307
CGT	Arg	R	3.552354350046569e-06	1.6270617298825065	0.25862129076224444	3.270155407421839e-05	0.00028080352847419186	0.004802021227120626	3.5315007554443627e-06	7.728858636953962e-06	0.7605780378003395	9.803882463146711e-06	2.0697014202067937e-06	0.04143017955764275	0.4726338723741296	0.49730246405152423	0.49101605795672554	0.450349283828429	0.4749359411168137	0.4621406698705951	0.5341168392189166	0.4573938322275908	0.4939692617337391	0.7683652723965311	0.4585273743739096	0.5431382119152512
AGC	Ser	S	5.564104654749988e-06	2.461891206355796	0.4021736857882948	5.211822541226808e-05	0.00043353007534152713	0.0074546794882417965	4.409187821867384e-06	1.2130791171086968e-05	1.1165514744894538	1.0363487623615435e-05	3.4060957851114227e-06	0.06016768428668458	0.7402933576249036	0.7524634994862343	0.7635633447952926	0.7177458733475973	0.7332493841995833	0.7174292676820164	0.6668613787800304	0.7179001871203642	0.7251617587281156	0.8122235268354614	0.7545958764704984	0.788781724034859
AGT	Ser	S	5.081161817356171e-06	2.342698437126599	0.36907367722987605	4.618837426533393e-05	0.00040408689295154117	0.006767875090731937	4.561901789913768e-06	1.1580037570650381e-05	1.0675445536497254	1.0565475782453325e-05	3.221711088400809e-06	0.05389344194111469	0.6760387476168122	0.7160328854866752	0.7007199660742808	0.6360829587604162	0.6834507737125816	0.6513320495892103	0.6899583869830628	0.6853065906076306	0.6933334501208149	0.8280540600216513	0.7137467810251275	0.7065281396893107
TCA	Ser	S	5.81709303945478e-06	2.4461527291511733	0.41644544647809806	5.259142605192315e-05	0.0004315776494097838	0.00747271990964037	4.80161565581979e-06	1.2075166070552643e-05	1.0995655710895929	1.1921824500878904e-05	3.502884973438819e-06	0.06401345815941702	0.7739529726706644	0.747653120537156	0.7906595813555348	0.7242625535240855	0.7299471562952833	0.7191654558485323	0.7262135717447495	0.7146082938284114	0.7141299990068172	0.9343559517890536	0.7760388208286796	0.8391987573899791
TCC	Ser	S	5.068232984207052e-06	2.1781223337376905	0.35816433463363095	4.6498500031293085e-05	0.000400358508303332	0.0070660606364037586	4.143451821873992e-06	9.680279391753525e-06	0.9999500304696609	1.0930370166926529e-05	2.7865726484133606e-06	0.05867178047944819	0.6743185913839558	0.6657311051447501	0.680007586282502	0.6403538541520991	0.6771447850330076	0.6800290630560029	0.6266705131362005	0.5728789069653533	0.6494331334497387	0.8566521357508995	0.6173450080792169	0.7691708382570369
TCG	Ser	S	5.734070034852986e-06	2.476527588882205	0.39818775200564893	5.107336665603685e-05	0.0004592336136399633	0.007400240044951722	4.937050088454344e-06	1.1812199896481535e-05	1.1545827917068952	1.1372431972411816e-05	3.075397367275906e-06	0.05926780575036443	0.7629069225601043	0.7569370292617207	0.7559956867441596	0.7033566063573298	0.7767229623918952	0.7121900820142465	0.7466971610427712	0.6990459563922573	0.7498617904868459	0.8912980977832496	0.681332034759178	0.7769845649499504
TCT	Ser	S	4.651972088320396e-06	2.021677341066954	0.3209107146076827	4.054906868821507e-05	0.0003557247051392788	0.006130864537199103	3.704332414031138e-06	8.795596845337421e-06	0.9063330136385617	9.353692785535816e-06	2.4665747931101217e-06	0.05209541630305917	0.6189358846620727	0.6179145540485	0.6092781981650514	0.558421290994376	0.6016535779725859	0.5900269303486559	0.5602565190870343	0.5205233963760689	0.5886321026659487	0.7330823000059608	0.5464517985732699	0.6829565201487164
ACA	Thr	T	3.7114195686592224e-06	1.6149298816130209	0.2612507017195829	3.395848176564229e-05	0.00025670400770309057	0.00478952816449582	3.5487259703625966e-06	7.95643155675188e-06	0.791989499966075	9.221153023160246e-06	2.3829299180010715e-06	0.04153609790067801	0.4937971919151406	0.4935944313892661	0.4960082339651868	0.4676590570695468	0.4341753116472337	0.46093835275097145	0.5367220424976672	0.47086159697617924	0.514369925445855	0.7226946856089203	0.5279208817032633	0.5445267721401751
ACC	Thr	T	3.6644425129935917e-06	1.603851307332657	0.2703625338534543	3.3609275991454506e-05	0.0002697041182201073	0.00513859574561627	3.1867815821290353e-06	6.939699551103811e-06	0.759155122472664	9.108794286651072e-06	2.0525382598801352e-06	0.03890974116119902	0.4875469855606729	0.4902083261256382	0.5133078765504914	0.46284997154543694	0.4561629973311385	0.49453219129088194	0.48198027518576725	0.41069139976383956	0.4930451271952843	0.7138887302633181	0.4547250003871561	0.5100959606263726
ACG	Thr	T	4.91808035140665e-06	2.0984051437046705	0.3499485988181096	4.43186767441408e-05	0.0003670778575212881	0.00645712451555488	4.2443645298319015e-06	9.605207345807489e-06	1.0047260813236354	9.879752884741013e-06	2.6008635343329085e-06	0.05158735427540313	0.6543410741391757	0.6413659846932063	0.664409264112423	0.6103344289586183	0.6208556875062193	0.6214257929979395	0.6419329129894091	0.5684361434990576	0.652535014120871	0.7743115082244578	0.576202497548347	0.6762959672814715
ACT	Thr	T	3.1501548384599328e-06	1.3849977073155073	0.22591959017791285	2.8232552049063872e-05	0.00022364515652561185	0.0042009581868549285	2.883521188642654e-06	5.991049214163355e-06	0.618806624467584	7.94708304056915e-06	1.6852347806120998e-06	0.03187994229432064	0.41912200562421387	0.423316927627233	0.42892890317502114	0.38880444541223697	0.3782613540074188	0.4042950954916153	0.4361140856969164	0.35455027551263985	0.40189360756225506	0.6228412721366782	0.3733515721704684	0.4179372389542182
GTA	Val	V	5.298547719657354e-06	2.2797853360066607	0.3836587191068361	4.683065746254149e-05	0.00040448651279435387	0.006917178597587689	4.952946440393334e-06	1.2169684397599298e-05	1.1115980680068653	9.61616703940842e-06	3.6269531251283004e-06	0.05841707869844182	0.7049615212705174	0.696803842338861	0.7284109954804497	0.6449281585090575	0.6841266691586484	0.6657008371078192	0.7491013823188604	0.7202018881551215	0.7219446916795484	0.7536533444194379	0.803525222143473	0.7658317682509571
GTC	Val	V	4.045908172037276e-06	1.7963110684141481	0.28570332919343133	3.674274447848866e-05	0.00032121912141320764	0.005602312285814926	3.683052233560204e-06	8.991538295279e-06	0.8457846662028176	7.902995534603286e-06	2.3752698191156685e-06	0.04485666319162579	0.5383002533503016	0.5490325929981094	0.5424337726882585	0.5060025167068096	0.5432926949389071	0.5391597059105916	0.5570380282758344	0.5321192108282182	0.5493080346603406	0.619385976884202	0.5262238422196565	0.5880584660389171
GTG	Val	V	4.591736727335872e-06	1.9557440141693754	0.32973441834197886	3.9820625067308556e-05	0.0003460861470219268	0.0059820243858623645	4.287660246199256e-06	1.0219201025588708e-05	0.9862406912558	8.367153681562352e-06	2.507493283603298e-06	0.0474896127923356	0.6109216864400974	0.59776239551199	0.6260308027608391	0.5483895334136784	0.5853514406905239	0.575702735600428	0.6484811124035531	0.6047722877281534	0.6405293894106479	0.6557637080905798	0.5555169940773176	0.6225757081426554
GTT	Val	V	4.150927789955779e-06	1.7527858325758785	0.28119702433081156	3.61521566432802e-05	0.0003150972829072748	0.005576464071905273	3.797769453548352e-06	9.024542206723937e-06	0.8296838450270537	8.068310280806278e-06	2.3925653130280415e-06	0.04459559563501314	0.5522729102986217	0.5357293441826153	0.5338781427821773	0.4978692393701952	0.5329385475107077	0.5366721053094738	0.5743882720354002	0.5340723822139805	0.5388511053852058	0.6323422837835256	0.5300555337548286	0.5846359424727232
TGG	Trp	W	2.8141360180651714e-06	1.244364273352056	0.19823811328151664	2.6050011923541923e-05	0.00023543625889800967	0.003919040684502972	3.5321069844347155e-06	6.423286917001647e-06	0.6044026744687772	9.061441370000705e-06	1.6275475775027841e-06	0.029508906357932317	0.37441535177599033	0.3803330924391839	0.3763730999616497	0.35874760529311456	0.3982041885311457	0.3771636986853376	0.534208527465527	0.38013010154143806	0.39253873772202424	0.7101775131166825	0.36057138971591607	0.3868536126550608
TAC	Tyr	Y	6.282113938775378e-06	2.784414943968629	0.4215943376349955	5.454666538034734e-05	0.0004863895823289106	0.0081676915393031	5.2246921112796284e-06	1.369275742800448e-05	1.2307268367540583	1.2289957312258618e-05	3.8306278678371165e-06	0.06770379266276592	0.835823103497538	0.851041105046136	0.8004352198238782	0.7511891218844321	0.8226531030005425	0.7860486784089571	0.790201172140921	0.8103373457773705	0.7993147273953942	0.9632078345974372	0.8486478877071001	0.8875780235413451
TAT	Tyr	Y	7.060611521057977e-06	3.0740455997113254	0.4768426088157029	6.07417243568255e-05	0.0005272964845935206	0.00867825356840466	5.8991239751964306e-06	1.5243122327707816e-05	1.3796008230555807	1.2378356319790782e-05	4.513801216411215e-06	0.07627925756051818	0.9394007004068382	0.93956512114238	0.9053290908741709	0.8365043447328588	0.8918408309140172	0.8351845457822394	0.8922046659440643	0.9020879361473256	0.8960032582888234	0.9701359804373489	1.0	1.0
