Codon	AA	Abbr	wt_ribo_YPD1_absolute_cst	wt_ribo_YPD2_absolute_cst	wt_ribo_YPD3_absolute_cst	ncs2d_ribo_YPD1_absolute_cst	ncs2d_ribo_YPD2_absolute_cst	ncs2d_ribo_YPD3_absolute_cst	elp6d_ribo_YPD1_absolute_cst	elp6d_ribo_YPD2_absolute_cst	elp6d_ribo_YPD3_absolute_cst	ncs2d_elp6d_ribo_YPD1_absolute_cst	ncs2d_elp6d_ribo_YPD2_absolute_cst	ncs2d_elp6d_ribo_YPD3_absolute_cst	wt_ribo_YPD1_relative_cst	wt_ribo_YPD2_relative_cst	wt_ribo_YPD3_relative_cst	ncs2d_ribo_YPD1_relative_cst	ncs2d_ribo_YPD2_relative_cst	ncs2d_ribo_YPD3_relative_cst	elp6d_ribo_YPD1_relative_cst	elp6d_ribo_YPD2_relative_cst	elp6d_ribo_YPD3_relative_cst	ncs2d_elp6d_ribo_YPD1_relative_cst	ncs2d_elp6d_ribo_YPD2_relative_cst	ncs2d_elp6d_ribo_YPD3_relative_cst
GCA	Ala	A	5.385470942394239e-06	2.2999753539141476	0.3907336654297615	5.1178317946226507e-05	0.0004219327130498431	0.007216934570169956	4.222455402979006e-06	1.1734694304682259e-05	1.1620533382597318	9.541444164166139e-06	3.535006811045465e-06	0.06173092270264987	0.8354047952093389	0.8025524274696532	0.856991083134556	0.7975236048280107	0.801266273089421	0.8669920344672993	0.757495799233777	0.825400050326908	0.8224476667406414	0.613685773391873	0.8617689700487773	0.8602011361909074
GCC	Ala	A	5.039156055741999e-06	2.1728880679598017	0.3370379006674938	5.077185943131836e-05	0.0004280472042298562	0.007920546288695578	4.0804248580347894e-06	1.002852071387146e-05	1.2287558053760563	1.0624531664195357e-05	2.8804956308199053e-06	0.06166104488330989	0.7816837520440703	0.758206643646529	0.7392208583633143	0.7911896674687723	0.8128779244454714	0.9515190243392883	0.732015946662161	0.7053904675327691	0.8696565913566334	0.6833477007343561	0.7022113069896845	0.8592274105934409
GCG	Ala	A	5.878165476185343e-06	2.5631232597023508	0.4143015241067988	5.4305806008800355e-05	0.00049787371235798	0.007980077238194473	4.409060283113883e-06	1.282414485500783e-05	1.3039001976962488	8.700828726724078e-06	3.4121802432023356e-06	0.06663105448694356	0.9118325357923251	0.8943751464455197	0.9086821620503732	0.8462599770616818	0.9454811196949011	0.9586706561738279	0.7909721534704529	0.902030298692952	0.9228403206206787	0.5596191430185388	0.8318261352757105	0.9284829428413315
GCT	Ala	A	4.901243209921761e-06	2.1007159780435125	0.3257167362022193	4.551726522265227e-05	0.00039256193610218664	0.006979205255996233	4.191785276101089e-06	1.0310032857859579e-05	1.0590514893550749	1.086741608825456e-05	2.8878009018712567e-06	0.0568369825084031	0.7602904414215508	0.7330229451084975	0.7143902951028673	0.7093061065512968	0.7454900503536188	0.8384328976559569	0.7519936707197379	0.7251915915997774	0.7495477167017967	0.6989695199326912	0.7039921963192834	0.7920056074148454
TGC	Cys	C	4.5915633083027945e-06	2.0777704267967505	0.3057742490146291	4.406215166889906e-05	0.0003651628408787661	0.006757002364473394	3.7377287497794814e-06	8.557996577584397e-06	0.9985329975051253	9.426978018137418e-06	2.463878323918329e-06	0.05888000844480121	0.7122522888514756	0.725016334158785	0.6706506964775675	0.6866307343743	0.6934581262181254	0.8117389966495401	0.6705372955829775	0.6019560989345204	0.7067155240838631	0.606323549797185	0.6006477495019733	0.820474536029802
TGT	Cys	C	3.905382320820633e-06	1.683618996657458	0.2705149147634465	3.3166825546098266e-05	0.00028745784518598535	0.004928153465684343	3.7071639667780203e-06	7.152263651126702e-06	0.8078723883755675	1.02853426417029e-05	1.9627194463550956e-06	0.039618730420701034	0.6058105508018725	0.5874813007895828	0.593316855746723	0.516846339069187	0.5458933833729105	0.5920338833389369	0.6650540654435273	0.5030790427353312	0.5717747533333678	0.6615317707752347	0.47847452810986485	0.5520746399092034
GAC	Asp	D	4.6423343586441185e-06	2.017588493183529	0.32757523060807947	4.273524460683557e-05	0.0003814135136517171	0.006283408837519516	4.380922585526325e-06	9.953991622072381e-06	0.9450550679870632	1.2374991279867939e-05	2.7447318817459693e-06	0.048859930153387486	0.7201279935700866	0.7040164756912097	0.7184665067907592	0.6659532337084806	0.7243187720160255	0.7548447832612903	0.7859243351542079	0.7001482077410306	0.6688663162152136	0.7959336095918075	0.6691146278421823	0.6808478731899489
GAT	Asp	D	4.505241600057802e-06	1.9732731250290803	0.29964248613418026	3.836260529643044e-05	0.00035008324498264615	0.005980876753597673	4.651505277694326e-06	9.729710034515581e-06	0.9338607099505468	1.3603788987937243e-05	2.647627069223715e-06	0.050080033355313434	0.6988618964847	0.6885530898657755	0.6572019804406211	0.5978133806341555	0.6648213999589998	0.7185006950087549	0.8344660562859506	0.6843725915340609	0.66094346676875	0.8749673133838135	0.6454422790329494	0.6978496304068681
GAA	Glu	E	4.196726625152858e-06	1.8770657965356252	0.29002185485951393	3.82003786623416e-05	0.00032713762979924815	0.0056287904067517	4.336726204776808e-06	9.554640970346297e-06	0.8263498511124555	9.430781819578557e-06	2.4616331547964745e-06	0.04448223590724553	0.6510044496269703	0.6549825453417254	0.6361011745823745	0.5952853653493706	0.621246803837145	0.6762035042566208	0.777995637379099	0.6720585072789342	0.5848522478122349	0.6065682023664472	0.6001004189916953	0.6198460705347933
GAG	Glu	E	4.2576515389659175e-06	1.8787183611370246	0.30176720111037725	3.958723326999343e-05	0.0003511062787639992	0.005778341173447272	4.653561032092329e-06	1.013794667571904e-05	0.8853088210383441	1.1071260928926872e-05	2.659199046782584e-06	0.04898449490778265	0.6604552415245715	0.6555591905349647	0.6618620902542982	0.6168970425293231	0.6667641800276609	0.6941694872114151	0.8348348524417714	0.7130873186028498	0.626580682861178	0.7120803946124113	0.6482633121215348	0.6825836441547891
TTC	Phe	F	5.579070617558553e-06	2.4633539039340495	0.38641415082817143	4.978633051098866e-05	0.0004132905706383997	0.007300940579638253	4.608758693898178e-06	1.1735393964780434e-05	1.136213773087922	1.0318604813053849e-05	3.2192343659351003e-06	0.06364469067402477	0.8654363558125301	0.859561669630358	0.847517147754658	0.775831941604678	0.7848545158889139	0.8770839287955976	0.8267974477236596	0.8254492633243028	0.8041596162824983	0.6636711242105209	0.7847895158813145	0.8868688954160873
TTT	Phe	F	5.358154988717499e-06	2.1914726720662885	0.356929338610436	4.4921145904417806e-05	0.00038387153040392	0.006727556678049513	4.530254630470751e-06	1.0763598544879213e-05	1.0704000164874992	1.0232138626502e-05	2.878541886644552e-06	0.05690282714490424	0.831167491001154	0.7646915475451036	0.7828484913421015	0.7000166408817627	0.7289866393354203	0.808201597864681	0.8127140548648258	0.7570946928798156	0.7575796799118357	0.6581097995668573	0.7017350204658588	0.792923131868565
GGA	Gly	G	4.7664357858442525e-06	2.023244387978708	0.3347064172509888	4.2271272342291855e-05	0.000375685858012647	0.00625401006715641	5.0652282107185955e-06	1.0891084486684414e-05	1.0514143669792961	1.2527766358713562e-05	2.810538378178725e-06	0.05297897089267355	0.7393788498989528	0.705990041229492	0.73410724600994	0.6587230462422197	0.7134417360680799	0.7513130206437797	0.9086867060982511	0.7660618547035368	0.7441425143141176	0.8057597837854887	0.6851570288005564	0.7382454199756607
GGC	Gly	G	4.39389339280112e-06	1.904811255293034	0.31623945416988813	4.27012082307869e-05	0.0003647254333233927	0.006436771671467653	3.9586762334001955e-06	9.646680374136598e-06	1.036950269336288	9.84342876189755e-06	2.5468841355310294e-06	0.05122874753741264	0.6815893445992299	0.6646640339886027	0.6936038952795351	0.6654228369621448	0.6926274726307754	0.7732687213091636	0.7101746095912876	0.6785324150389567	0.7339054942339412	0.6331087924047848	0.6208830238890075	0.713856603919317
GGG	Gly	G	5.112979863521296e-06	2.2879961751377182	0.3634213019905168	4.8653645676926845e-05	0.0004186878777200006	0.0071017748451115	4.876605617957245e-06	1.14316522753614e-05	1.2241403689920445	1.0616363054585645e-05	3.0082776413748305e-06	0.06032714754052933	0.7931354456246542	0.7983724178927004	0.7970872304654532	0.7581810509883794	0.795104207359228	0.8531575506783221	0.8748483802851468	0.8040845477873317	0.8663899987140743	0.6828223128140769	0.7333621866096626	0.8406399675489096
GGT	Gly	G	4.578613426459652e-06	2.072428433400191	0.30743274349393646	4.1019155443121585e-05	0.00036028170370475116	0.006703903927593634	4.766089284415136e-06	1.016269455448803e-05	1.07930816718774	1.236042992276463e-05	2.719690286764299e-06	0.0562236168072511	0.7102434778292132	0.7231523012418062	0.6742882509192383	0.6392110180403242	0.6841886610382611	0.8053601218835558	0.8550220824524203	0.7148280457024265	0.7638844574269188	0.7949970534959138	0.6630099523297326	0.7834585478548749
CAC	HIS	H	6.299883754781294e-06	2.6842520896621123	0.45593667556096673	5.9489290888642064e-05	0.0004768483995614354	0.007998803962443835	5.092780287320906e-06	1.2999151508255608e-05	1.2446389496602681	1.4527373112717317e-05	3.995516506520575e-06	0.06655253768149892	0.9772503007259633	0.9366417891533764	1.0	0.9270354248066902	0.905553250857112	0.9609203538256496	0.9136294657711402	0.9143399930614386	0.880897947090457	0.9343703165514844	0.9740326762252567	0.9273888356694868
CAT	HIS	H	5.588107330759205e-06	2.2759074564420456	0.37614025761331027	4.936629905999262e-05	0.000388840108392604	0.006984623096925561	4.667661677441552e-06	1.1375663185491288e-05	1.1326945555155028	1.3692864345945314e-05	3.6728956431232403e-06	0.061932254588974896	0.8668381484545307	0.7941541855026449	0.8249835509515042	0.7692864940326911	0.7384221579487321	0.8390837591656556	0.8373644658063047	0.8001463627441894	0.8016688766702156	0.8806964544895843	0.8953837049425271	0.8630066331733915
ATA	Ile	I	4.964000301215391e-06	2.201610785468607	0.3392048400790639	4.537475939089544e-05	0.0003905048814335848	0.006242191354256985	3.928164515573887e-06	1.1172242657640457e-05	1.0128955076855286	7.143335957392617e-06	3.149472979616078e-06	0.05645552446634828	0.7700254442766179	0.768229136548893	0.7439735784837214	0.7070854051055959	0.7415836252842333	0.7498932031517643	0.7047008991846534	0.7858380808609019	0.7168806452512799	0.4594444589503687	0.767782986261775	0.7866901086855411
ATC	Ile	I	4.088648822400427e-06	1.8022783766910702	0.2789484026265156	3.8719815853028005e-05	0.0003323778897607439	0.005278744055940479	3.7495062642886884e-06	9.738087993947007e-06	0.8084186843153197	8.912871928374703e-06	2.6938246597365677e-06	0.046862471222479406	0.6342392092903602	0.6288862546843951	0.611813915349776	0.603379875630721	0.6311982568520512	0.6341513843576694	0.6726501462621925	0.6849618841016207	0.5721613963610209	0.5732573191644686	0.6567043931173129	0.6530139065710107
ATT	Ile	I	4.378911875742722e-06	1.903537136113886	0.29336452904021737	3.75864569930305e-05	0.0003452267625457211	0.0055894973251917005	4.106298710727946e-06	1.0387724663645813e-05	0.8724107340736158	1.023388890165543e-05	2.885053990399726e-06	0.05060643689487368	0.6792653823452377	0.6642194433809814	0.6434326185303542	0.5857184815118543	0.6555987550627755	0.6714831083058244	0.7366576380134141	0.7306563117485041	0.6174520127904521	0.6582223736114883	0.7033225503479548	0.705184899393625
AAA	Lys	K	5.105872031670242e-06	2.2410057202902385	0.35424997785404894	5.113996205753105e-05	0.0004253971491315145	0.007200841934157709	4.960830667746916e-06	1.1205778382623216e-05	0.9739436645777029	1.1020500643826383e-05	2.7197253922176826e-06	0.04878679372653029	0.7920328648335913	0.7819755884477377	0.7769718841288509	0.7969258961137281	0.8078453690013073	0.865058777749985	0.8899581008901103	0.7881969313234549	0.6893123302484118	0.7088155990234506	0.6630185103869083	0.679828739914029
AAG	Lys	K	4.67160250119644e-06	2.1190243449678494	0.3278715391214906	4.4559597470773056e-05	0.0004015904335354104	0.006199235927998389	4.9018932708517695e-06	1.1220642964365973e-05	1.0000503501322484	1.1787449669095937e-05	2.803206198736328e-06	0.05147580778090612	0.7246681251382665	0.7394114589215374	0.719116396412046	0.6943825477405375	0.7626355104380612	0.7447328387281649	0.8793849091556636	0.7892424827626316	0.707789436172674	0.7581441595250487	0.683369579705255	0.7172993112830864
CTA	Leu	L	5.410876254803117e-06	2.428706128341275	0.3813285036888503	5.1078597716638e-05	0.0004342540371404902	0.007031118255439529	4.404501135883964e-06	1.1589495352425411e-05	1.1606841237793637	9.736692245206158e-06	3.3435965364614053e-06	0.06339524898167945	0.8393457170037719	0.8474716894655344	0.836362863811468	0.7959696413495848	0.8246649362608007	0.8446693622608428	0.7901542561701487	0.8151869830421133	0.8214785999882214	0.6262437224355119	0.8151067020526725	0.8833930033060279
CTC	Leu	L	6.290986693788229e-06	2.7631650648488133	0.4458178850788374	5.8967598090206524e-05	0.0005072443693448346	0.00818577447806765	4.595076337945139e-06	1.2880378432563302e-05	1.30533334774741	9.370682426066128e-06	3.477010110218081e-06	0.07176335871399002	0.9758701712077875	0.9641776493473388	0.977806588009882	0.918905764866356	0.9632763537879953	0.9833816836534289	0.8243428742186946	0.9059856806176289	0.923854638016326	0.6027027348173551	0.8476304521307706	1.0
CTG	Leu	L	5.862348857094883e-06	2.6009687095429013	0.4191792477240926	5.4723016730140105e-05	0.0004959639290486236	0.007899413480497384	4.787737598284556e-06	1.3213200169635296e-05	1.2958247413765296	1.0753778637777703e-05	3.541666642006043e-06	0.06550034332554334	0.9093790308763195	0.9075809217102526	0.9193804100281048	0.8527614685488655	0.9418543685391649	0.9489802765931897	0.8589057248480299	0.929395841240177	0.9171248857182108	0.6916605963062156	0.8633925130783588	0.912726835801991
CTT	Leu	L	5.6666748546305025e-06	2.4648056983073037	0.39213664209669186	5.260685325809948e-05	0.0004523346856108714	0.007334027454738361	4.639092867132621e-06	1.1976452299935556e-05	1.1985664055194036	1.0490429786950313e-05	3.326778512705436e-06	0.0658176216265126	0.8790256965616283	0.8600682581450823	0.86006821367073	0.8197848020941284	0.8590007755233774	0.8810587545167254	0.8322393071645214	0.8424049297270797	0.8482899288679838	0.6747225478922425	0.8110067803876982	0.9171480098754308
TTA	Leu	L	6.018078191144896e-06	2.5069830641047512	0.40111999459352676	5.048703183007679e-05	0.00043053166919816677	0.007028906069700869	4.966371306585409e-06	1.2025771032425544e-05	1.1907757024544943	1.0532115463308858e-05	3.5066595521553887e-06	0.06576698238883515	0.9335360700306893	0.8747856103321008	0.8797712842468843	0.7867511328624694	0.817596017933388	0.8444036057411552	0.8909520748329184	0.845873932261134	0.8427760291638622	0.6774036835877729	0.8548584351040985	0.9164423679073719
TTG	Leu	L	4.781834216374116e-06	2.1073532081720763	0.3304263636300695	4.254199826672e-05	0.00038645841287579877	0.006349006160345609	4.551418781439419e-06	1.0718478095588885e-05	0.9649974550174789	1.0129002289861837e-05	2.720989121657592e-06	0.05245404387211492	0.7417674845867906	0.7353389373830619	0.7247198598873972	0.6629418311463501	0.7338992275587415	0.7627251867511149	0.8165108398922781	0.7539209910220561	0.6829806164305264	0.6514762856640534	0.6633265841406697	0.7309307258202393
ATG	Met	M	4.903383754675642e-06	2.1393737071457637	0.35081531160908	4.348931630847681e-05	0.000377228286309904	0.006341485609853972	4.183170003517329e-06	1.0769093082848365e-05	1.0451479172923057	8.876681656585747e-06	3.0451574141605373e-06	0.05641319210059565	0.760622486914114	0.7465121567553429	0.7694386751788513	0.6777041080225523	0.7163708660810562	0.7618217204237341	0.7504481167307372	0.7574811700899164	0.7397074107314101	0.5709296364206469	0.7423527898837118	0.7861002203844466
AAC	Asn	N	5.104522692550996e-06	2.246335272774138	0.3583331748131616	4.70823426375852e-05	0.0003850572365576977	0.006575819052225556	4.750886814237069e-06	1.0575607056248626e-05	1.0317180727659006	1.5141490701006756e-05	3.1532563534388926e-06	0.05673139907597862	0.7918235527079407	0.7838352802379134	0.7859275070869928	0.7336950710949087	0.7312383404276378	0.7899729009519899	0.8522948050275982	0.7438716654921482	0.7302023872253697	0.9738690780218234	0.7687053024939273	0.7905343352459203
AAT	Asn	N	4.633252039219626e-06	2.013628225716589	0.31733410094057235	4.037318611010349e-05	0.00033696723938609203	0.005948233193193035	4.787402004895916e-06	9.649903474906014e-06	0.916983968125036	1.4140599281782597e-05	2.8002580541873457e-06	0.051017274132097765	0.7187191264013649	0.7026345816358613	0.6960047698512888	0.6291447280223866	0.6399136063769235	0.7145791260140111	0.8588455204034866	0.678759122907795	0.6489988885987306	0.9094938310340894	0.6826508768491267	0.7109097880357726
CCA	Pro	P	4.634446233924903e-06	2.024119890409728	0.33187461414082947	4.729072040322474e-05	0.0003741298939400723	0.006576956518998105	4.206779943879073e-06	9.684572236745298e-06	1.0049164591862725	1.4125764084544762e-05	2.8167783811667407e-06	0.05062726939988002	0.718904372221809	0.7062955386775734	0.727896288958338	0.7369422701723278	0.7104869011028525	0.7901095482530959	0.7546836690190012	0.6811976694113455	0.7112334433501596	0.9085396621123121	0.6866782255720255	0.7054751938472246
CCC	Pro	P	5.427780946916102e-06	2.351111236671022	0.3831607720670559	5.538203437481597e-05	0.0004258985687303196	0.007693719303817362	4.220640636689053e-06	1.0470223620562483e-05	1.1760474061684494	1.3444734992448816e-05	2.8945773569831836e-06	0.06087706381584297	0.8419680059370489	0.8203957607764608	0.8403815542928846	0.8630310934353144	0.8087975838942567	0.9242696171041861	0.75717023561971	0.7364591593918183	0.8323520214899433	0.864737292377249	0.7056441701497553	0.8483028791679896
CCG	Pro	P	5.679118760717843e-06	2.590320061379741	0.43123334467125096	5.878876759355459e-05	0.00048219013341732907	0.008293954716636149	5.023654762727179e-06	1.167376425708344e-05	1.3532216017026588	1.5547768219279523e-05	3.2127896521355724e-06	0.06238451741780225	0.88095601963415	0.9038651869228904	0.9458185045997413	0.9161190077382126	0.9156974066577122	0.9963777007592696	0.901228554570838	0.821114326042261	0.9577477317608529	1.0	0.783218414418108	0.8693087745019465
CCT	Pro	P	4.800088008910643e-06	2.053036692363183	0.3259120191720617	4.644072033815904e-05	0.00038732057936992896	0.0069481299497538345	4.251772091252422e-06	9.153718989784009e-06	1.0546078594109833	1.4665871579463874e-05	2.5171326216532886e-06	0.050810247574133334	0.7445990486187732	0.7163857553239865	0.7148186067090835	0.7236965219101924	0.7355365145293128	0.834699727745819	0.762755124932964	0.6438582820032545	0.7464027207200717	0.9432782488536149	0.6136301576733891	0.7080249375818032
CAA	Gln	Q	6.116040547195285e-06	2.6303995120832147	0.42692277945641804	5.745076025738574e-05	0.00044230003861269775	0.007817290711660011	4.990719205265178e-06	1.2858964436144293e-05	1.1899693888818774	1.0751291495318598e-05	3.431265389678014e-06	0.061919208781487885	0.9487321824728291	0.9178504935041033	0.936364197793803	0.8952685289251163	0.8399445991395265	0.9391146216204129	0.8953200146238471	0.9044794535900618	0.8422053576683066	0.6915006284944997	0.8364787393301597	0.8628248439188082
CAG	Gln	Q	5.561087983326106e-06	2.508371478293561	0.40222946429634215	5.8683353470089e-05	0.00046236421419758615	0.007945218357133155	5.574229464044697e-06	1.351443419548109e-05	1.3062306764034075	1.4424441819365027e-05	4.102035387564928e-06	0.06854383053147647	0.8626468543874972	0.8752700829920649	0.8822046697635252	0.914476314990194	0.8780472318491551	0.9544829540522755	1.0	0.9505841716421105	0.924489725783063	0.9277499906049828	1.0	0.9551368798756362
AGA	Arg	R	4.419364632481005e-06	1.9505411633815026	0.3164250340585409	4.2571390879385814e-05	0.00034881265684518864	0.005765030849100773	4.285598777445129e-06	1.0138550340039596e-05	0.9324108692506643	9.11663922394941e-06	2.648863269609407e-06	0.04747343603760842	0.6855404931610012	0.6806210087804876	0.6940109252435633	0.6633998630502744	0.6624085047507253	0.692570477954453	0.7688235306939571	0.7131297794073352	0.6599173365030346	0.5863632063053659	0.6457436417148608	0.6615275105337793
AGG	Arg	R	5.051348762202463e-06	2.3342293308126236	0.3552473907888292	4.7675562675128563e-05	0.00041112379568483584	0.006732402583898085	4.47418013042508e-06	1.2026427918860009e-05	1.1397891311228523	8.119006279113014e-06	3.0116719463854614e-06	0.05652776758420047	0.7835751085387214	0.8145049956846026	0.7791594969888015	0.7429393566006357	0.780739727824447	0.8087837510946487	0.8026544582143172	0.8459201366258996	0.8066900895204948	0.5221975375890473	0.73418965509541	0.7876967939793568
CGA	Arg	R	6.446540615133443e-06	2.865825677165641	0.45532469656133284	6.417154004772477e-05	0.0005265823949172457	0.008324107123549541	5.2953586694319055e-06	1.421697793698294e-05	1.4129207063896807	8.132650964763236e-06	3.3371452878637083e-06	0.06047981862045561	1.0	1.0	0.9986577543934562	1.0	1.0	1.0	0.949971418218144	1.0	1.0	0.5230751352903883	0.8135340075271077	0.8427673913855606
CGC	Arg	R	5.173513572605802e-06	2.3995887049321647	0.3656418009633874	5.065246363255509e-05	0.00041915779759297504	0.0070606260966648545	4.007636015555442e-06	1.1518533426698572e-05	1.2404531387345654	8.498785977460847e-06	2.861968028803394e-06	0.06007587536835683	0.8025255530789378	0.837311468053216	0.8019574220773443	0.7893290950300483	0.795996603074524	0.8482142278887544	0.7189578472514971	0.8101956321346715	0.8779354234988831	0.5466241750968601	0.697694621913618	0.8371385682739129
CGG	Arg	R	5.33632296095926e-06	2.275555882506308	0.37172076645140434	4.7908205681820164e-05	0.0004039844794497936	0.0063614008315144915	4.7148032651369996e-06	1.0309654721345257e-05	0.9723513085515509	1.5272131058969306e-05	3.3693864880377374e-06	0.05100861607173133	0.827780864116808	0.7940315074421687	0.8152903382779058	0.7465646865602811	0.7671818947028817	0.7642141958406082	0.8458215248490879	0.7251649940685723	0.6881853342188747	0.9822715931686953	0.8213938129963063	0.7107891406675113
CGT	Arg	R	4.576373775566998e-06	1.9890718983346265	0.31408113957369604	4.224258440823039e-05	0.00036063118325996995	0.005906037851713033	3.787540750798785e-06	9.802522104495644e-06	0.9963885157457372	9.106581506547402e-06	2.57569962382255e-06	0.05186519915555201	0.7098960587983928	0.6940659071426348	0.6888700918548893	0.6582759955085125	0.6848523360083932	0.7095100728586728	0.6794734187441435	0.6894940786955943	0.7051977589681775	0.5857163149149002	0.627907704460724	0.7227253585253538
AGC	Ser	S	5.614040351736631e-06	2.3281988588378297	0.40293267035654634	5.223102288806756e-05	0.0004586056837735578	0.007406237780491756	4.2697724778055124e-06	1.2224000607437393e-05	1.195003391836817	9.034001339517998e-06	3.2211066193921567e-06	0.06396984778222334	0.870860929435162	0.8124007253436522	0.8837470024994012	0.8139281502239627	0.8709096395933049	0.8897335979181404	0.7659843401400519	0.8598170906377247	0.8457681923922753	0.5810481100635182	0.7852459364823489	0.8913998582085964
AGT	Ser	S	5.071115486491544e-06	2.1462548601905076	0.35221446037303333	4.478044696141815e-05	0.0004021284792846477	0.006372149692333515	4.1846347805699304e-06	1.1401692337982827e-05	1.046707725379122	9.456992878654257e-06	3.150476086584866e-06	0.055608721986917554	0.786641361505883	0.7489132633891384	0.7725074100250487	0.6978240966028656	0.7636572797839997	0.7655054887876457	0.7507108933283009	0.8019772126341528	0.7408113708331783	0.6082540429775258	0.768027525100184	0.7748901804964826
TCA	Ser	S	5.786326675300229e-06	2.3816575733208554	0.3994609326424706	5.176825036349721e-05	0.00041359126743817636	0.007144712840023377	4.706265859727838e-06	1.2097871688259654e-05	1.1157252344792241	1.197267594485097e-05	3.6321855425712377e-06	0.06408610989092024	0.8975863212149254	0.8310545865707932	0.8761324851767834	0.8067166585841145	0.7854255505506859	0.8583158210218648	0.8442899399970055	0.8509453796639292	0.7896587752119115	0.7700575269706316	0.8854593389374427	0.8930199343976201
TCC	Ser	S	4.931254522428009e-06	2.093104425409026	0.3455239264739399	4.861530279223844e-05	0.00040317630795303177	0.006839526867009098	3.928671146027674e-06	9.701558160973015e-06	0.9984670298155541	1.0568471153618239e-05	2.7425490279224384e-06	0.052758186882647475	0.7649458549678171	0.7303669731507006	0.7578331487565039	0.7575835449185565	0.7656471462863707	0.8216529130985771	0.7047917871642486	0.6823924327642189	0.7066688352008473	0.6797420057055609	0.6685824886436401	0.7351688637221274
TCG	Ser	S	5.7340325330502255e-06	2.467147236177968	0.4072975422321639	5.1779871439555974e-05	0.00046543377440724993	0.007479158747735669	5.127002705951556e-06	1.297437208751133e-05	1.2311096016017513	1.2365883652082419e-05	3.7124915299819108e-06	0.07124877027615095	0.8894743514978276	0.8608853133795724	0.8933204194004373	0.8068977525090868	0.8838764434583776	0.898493812817059	0.919768864741239	0.9125970473486358	0.871322499581384	0.7953478259824128	0.9050364463544376	0.9928293707671914
TCT	Ser	S	5.04517628408186e-06	2.048259787409958	0.33784890824378094	4.44503532067999e-05	0.0003877043526078937	0.0064940911303361755	4.299030761577431e-06	1.010380828694098e-05	0.9755287259431564	1.1335020353888941e-05	2.769885389312242e-06	0.05407869054941236	0.7826176216493791	0.7147189041294821	0.7409996307669366	0.6926801690241795	0.7362653145075669	0.7801546801294629	0.771233188247336	0.7106860777111934	0.690434163454115	0.729044850297762	0.675246585563104	0.753569670072729
ACA	Thr	T	5.310454484312223e-06	2.3529425793380834	0.3764614347697966	5.115069948429259e-05	0.00039815649644518074	0.006804569800815694	4.856694248300374e-06	1.2140338582123105e-05	1.1203341986578725	1.3717035346245363e-05	3.783687456793546e-06	0.06301236406352152	0.8237680953790589	0.8210347887123375	0.8256879846452648	0.7970932199266451	0.7561143332711541	0.8174534157020927	0.8712763404569867	0.8539324345817667	0.7929207871265258	0.8822510827782976	0.9223926902882323	0.8780576215036808
ACC	Thr	T	4.749954730548586e-06	2.0499681553904825	0.3365460861208474	4.567495073690132e-05	0.00037010621942494185	0.006481962275994647	4.2251163308999735e-06	9.780784863224987e-06	0.9980848481297127	1.1695113783463126e-05	2.9199116692539617e-06	0.05367368382073606	0.7368222763380918	0.7153150213302374	0.7381421678937633	0.711763356511821	0.7028457901314863	0.778697604414133	0.7579731616994112	0.6879651151305521	0.7063983446601446	0.7522053080879458	0.7118202046977695	0.7479260277469784
ACG	Thr	T	5.2198835352889135e-06	2.37894671737473	0.3759381005556104	4.907498682311497e-05	0.0004236756262020873	0.006820672342854589	5.132679811181328e-06	1.133929614614865e-05	1.145375746586306	1.4493515494765343e-05	3.4107526875857678e-06	0.06246342375532344	0.8097185524644154	0.8301086616432147	0.8245401624975021	0.7647469078444681	0.8045761314687884	0.8193878624601527	0.9207873203441866	0.7975883620562909	0.810644037847665	0.932192665233658	0.8314781237444362	0.8704083096816706
ACT	Thr	T	4.9289595856387975e-06	2.1832289087049137	0.3435853288018439	4.525009566040938e-05	0.0003814990995757617	0.006329406111464142	4.402842829740641e-06	1.070700486964455e-05	0.9906901898369597	1.2433479786231609e-05	3.1354164437551914e-06	0.05470433838261083	0.7645898598804948	0.7618149722435912	0.7535812476131908	0.7051427412643768	0.7244813029416141	0.7603705739871804	0.7898567610357952	0.7531139822473931	0.7011647471487542	0.7996954682417932	0.7643562640293198	0.7622878773084294
GTA	Val	V	4.455615253146772e-06	1.8350567272567522	0.30125557869808794	3.7962602930684214e-05	0.000328293898540771	0.005345419209352069	3.595881484159489e-06	9.242763489598804e-06	0.899692740259463	8.03100119964574e-06	2.8586796516609e-06	0.049120329387856036	0.6911637604030733	0.6403239184707354	0.6607399554498107	0.5915800509455	0.6234426021636434	0.6421612708742618	0.6450903227708703	0.650121532900139	0.6367609563585301	0.5165372345650965	0.6968929766736811	0.6844764552286792
GTC	Val	V	4.421149108592882e-06	1.8745129270169394	0.30001284809105006	3.917489201352367e-05	0.00033416501202641647	0.005736298973441264	3.5030328354950954e-06	8.868148321021503e-06	0.9391191880849772	8.24978171729389e-06	2.5594704040932253e-06	0.05022383195630602	0.6858173045887751	0.6540917481313344	0.6580142905194585	0.6104714330432005	0.6345920700196058	0.6891188314014883	0.6284335544653507	0.6237716876490743	0.6646651746541606	0.5306087408136176	0.6239513222757914	0.699853419019462
GTG	Val	V	4.340325427026698e-06	1.956135278562709	0.2959996529543749	3.9121981999035406e-05	0.00035264010481059053	0.00589372587006103	3.902708344255268e-06	9.560095136807549e-06	0.9748766692869286	9.268288841754813e-06	2.672485483803192e-06	0.052873327491767506	0.673279776883381	0.6825730169663935	0.6492122016510045	0.6096469240093061	0.6696769740393793	0.7080309975092974	0.7001341386157142	0.67244214482029	0.6899726678774142	0.5961169931940432	0.6515022985673575	0.7367733121646665
GTT	Val	V	3.7371844502229523e-06	1.5707694287360123	0.24492686318844237	3.2191401641914975e-05	0.00027369291944436035	0.0048960619424115275	3.3078290095606566e-06	7.767472018827111e-06	0.7666961127965224	7.4512513306293476e-06	2.181152250111533e-06	0.04157599229712578	0.5797193678497584	0.5481036202765601	0.537194913936445	0.5016460820166391	0.5197532657493652	0.5881786322235318	0.5934145752156522	0.5463518374479159	0.5426320877946488	0.47924893306485344	0.5317243865627205	0.5793484731229656
TGG	Trp	W	5.009381962544139e-06	2.351717311758517	0.34881244835334074	4.6369020266479354e-05	0.0004086765278871102	0.006890060578703996	4.229385730364986e-06	1.1511561480100841e-05	1.166868394270693	7.658636517859808e-06	2.7867227290333304e-06	0.05785943695858603	0.777065136421303	0.8206072443612176	0.7650458211640366	0.7225792030547253	0.7760922731785121	0.8277236797219347	0.7587390791221781	0.8097052363115483	0.8258555409328633	0.4925875154456545	0.679351216101429	0.8062531909798494
TAC	Tyr	Y	5.2586745394828674e-06	2.3256801788918793	0.3657906941076337	4.912057160930091e-05	0.00040028759854584807	0.006697618940456132	3.9996973635695745e-06	1.0348109211682695e-05	1.090499656659727	9.482944250440953e-06	3.0226131407202972e-06	0.05665080607925801	0.8157358889724474	0.8115218582283147	0.8022839874804524	0.7654572661458591	0.7601613772309169	0.8046050874943754	0.7175336769626574	0.7278698227957384	0.7718052766359341	0.6099231810442045	0.7368569149557231	0.7894112969968075
TAT	Tyr	Y	5.038720218424282e-06	2.096093914848663	0.34424524333201517	4.221015499467576e-05	0.00035839661258206925	0.006110045288814892	4.308148940968997e-06	1.0207311389838689e-05	0.9986864781218782	1.018285233786321e-05	2.9704716430499783e-06	0.05490864242550645	0.7816161441061488	0.7314101243316871	0.7550286295974529	0.6577706404316277	0.680608801284351	0.7340180992540453	0.7728689622050428	0.7179663241430644	0.7068241505737	0.6549398083537342	0.7241457867610755	0.7651347903648523
