Codon	AA	Abbr	wt_ribo_YPD1_absolute_cst	wt_ribo_YPD2_absolute_cst	wt_ribo_YPD3_absolute_cst	ncs2d_ribo_YPD1_absolute_cst	ncs2d_ribo_YPD2_absolute_cst	ncs2d_ribo_YPD3_absolute_cst	elp6d_ribo_YPD1_absolute_cst	elp6d_ribo_YPD2_absolute_cst	elp6d_ribo_YPD3_absolute_cst	ncs2d_elp6d_ribo_YPD1_absolute_cst	ncs2d_elp6d_ribo_YPD2_absolute_cst	ncs2d_elp6d_ribo_YPD3_absolute_cst	wt_ribo_YPD1_relative_cst	wt_ribo_YPD2_relative_cst	wt_ribo_YPD3_relative_cst	ncs2d_ribo_YPD1_relative_cst	ncs2d_ribo_YPD2_relative_cst	ncs2d_ribo_YPD3_relative_cst	elp6d_ribo_YPD1_relative_cst	elp6d_ribo_YPD2_relative_cst	elp6d_ribo_YPD3_relative_cst	ncs2d_elp6d_ribo_YPD1_relative_cst	ncs2d_elp6d_ribo_YPD2_relative_cst	ncs2d_elp6d_ribo_YPD3_relative_cst
GCA	Ala	A	3.1887282939888594e-06	1.3874297558425472	0.2235826527716743	3.060231676180134e-05	0.0002627938449005	0.004344269650936112	3.0266616315891157e-06	6.838551054368143e-06	0.6713327820473524	8.664739048958022e-06	1.987025482613755e-06	0.034530763709479974	0.39184683762732003	0.4017178148421875	0.40165914340365827	0.3946162217145945	0.39477641563454174	0.3879657859471407	0.5464419677640076	0.3595111244309418	0.38673934160302786	0.6679219536386831	0.34753975902895007	0.36876182582310846
GCC	Ala	A	3.930579179081368e-06	1.8367718736818086	0.2768998125854476	3.9437276404968726e-05	0.00034377081580973967	0.0064775244859847925	3.206768438086534e-06	8.157502816390292e-06	0.9812885334504922	8.132992918587055e-06	2.2583985214188687e-06	0.04867120752621507	0.4830091746199442	0.5318207861348357	0.4974417297270514	0.5085428378111732	0.5164223329374983	0.5784764943528355	0.5789589550357124	0.42885005708859486	0.5652977055460937	0.6269322697912628	0.3950041329579763	0.5197708195331653
GCG	Ala	A	2.524416471786347e-06	1.1394830029773149	0.1811030438358259	2.4262906973475794e-05	0.0002155595792424688	0.0034966998684313206	2.3249353567729323e-06	5.378333612559782e-06	0.518250201740169	5.882063630650936e-06	1.1979514925013243e-06	0.02361158389009843	0.31021288743494707	0.3299270612283226	0.3253458734527934	0.31286966775132874	0.32381975339358454	0.31227341341136544	0.41975034077796275	0.28274567949317614	0.29855199562188545	0.4534192442972499	0.20952714329794536	0.2521534379935473
GCT	Ala	A	4.576794649153527e-06	2.0650099845193446	0.3183637443744372	4.2059672928015995e-05	0.0003786218089448341	0.006592314558097508	3.7785717066260266e-06	9.584597459795123e-06	1.0248515859581737	8.630962301649412e-06	2.448340740963282e-06	0.052310940803192575	0.5624193548008563	0.5979050796014154	0.5719303679020397	0.5423585850246037	0.568776489696329	0.5887278424791063	0.6821939185920975	0.5038741953659758	0.5903933759730007	0.6653182709515928	0.4282258876800425	0.5586403533789767
TGC	Cys	C	5.310621784459197e-06	2.3152622235055045	0.3793730044853629	4.796213949186616e-05	0.00041189412745688353	0.007407127330818972	3.7413912008179214e-06	1.1262418069728472e-05	1.199242884317792	7.511865916376996e-06	3.227494397170003e-06	0.06594707275619824	0.652595693398505	0.6703633659986503	0.6815315684069382	0.6184707654308486	0.6187591163709033	0.6614948443387937	0.6754812459417442	0.5920793091795598	0.690856183260935	0.5790526558259963	0.5645033920673607	0.7042636867770357
TGT	Cys	C	5.294861424340719e-06	2.402857359776799	0.3671660363276284	4.6294846301538364e-05	0.00041881201279426593	0.007013284063445608	4.41873998607433e-06	1.311396411828828e-05	1.1394190810131626	7.433006470415327e-06	3.7811051595848727e-06	0.059828049423190796	0.6506589817370143	0.695725750353986	0.6596021373307338	0.5969710553148195	0.6291513612056201	0.6263226002002256	0.7977716926884254	0.6894173851201082	0.656393069108125	0.5729737704825402	0.6613324225196576	0.6389172543749471
GAC	Asp	D	5.544809688434821e-06	2.432536481678247	0.39249760590056454	4.9537695197620144e-05	0.0004314765628505488	0.0073000251678546684	4.965087600602212e-06	1.290656279322407e-05	1.158177529184312	1.1707119528789456e-05	3.5550433243847112e-06	0.06148399304741748	0.6813738711304894	0.7043190733287006	0.7051094985217928	0.6387875226406028	0.6481764098278074	0.6519300663278037	0.8964108211756882	0.6785140398077011	0.6671993787197017	0.9024440439543253	0.6217931833812845	0.6566014503999056
GAT	Asp	D	6.460452247056557e-06	2.7970156431526076	0.4491132206836261	5.368191561014978e-05	0.00047561297414975006	0.008223152616135286	5.2742477469840156e-06	1.4213938459231237e-05	1.3531378188906504	1.0973798786927614e-05	3.9948497319025834e-06	0.07346906209947462	0.7938925958111971	0.8098507383996127	0.8068176545667011	0.6922271564393832	0.7144793868182606	0.7343701298547984	0.9522274598709037	0.7472444027169118	0.7795115078098712	0.8459159685234754	0.6987173165771451	0.7845927101194023
GAA	Glu	E	3.970038501263936e-06	1.7141531642759988	0.26918697955276544	3.611042500433612e-05	0.00032022541329433294	0.005562653939781621	4.640155901828174e-06	9.294713654634607e-06	0.8533876448979751	1.113638912925378e-05	2.3440021409043077e-06	0.04276374465871808	0.48785813294646724	0.49631764098904196	0.48358586984383317	0.4656431599814783	0.481051757141767	0.49677381495743467	0.837746742240058	0.48863464360727266	0.4916169517500521	0.8584492552705626	0.4099765938289064	0.4566836891317504
GAG	Glu	E	4.557191356466486e-06	1.9214611712840193	0.3091753391765784	4.0668787789748973e-05	0.0003604794518743315	0.00612672336049904	5.120670354615823e-06	1.0962180593335932e-05	1.005780521804496	1.2079805178698142e-05	2.7132201139782673e-06	0.049675212973895745	0.5600104044174133	0.5563418110227729	0.5554236894309394	0.5244231508424759	0.5415225230055688	0.5471481364708853	0.9245001673272446	0.5762954520618676	0.5794069754996476	0.9311725406780722	0.4745544900431464	0.5304928205041842
TTC	Phe	F	3.6645142080806025e-06	1.5565114001997769	0.2459939304123434	3.246146586483901e-05	0.00027825388202216695	0.004710727570838775	3.321296578554231e-06	7.93534675865409e-06	0.7160935382010091	8.470433416019452e-06	2.1797847069939954e-06	0.03880894610946841	0.4503137838942461	0.4506738851694109	0.4419202927734413	0.4185899097315934	0.41800092472751343	0.4206923766828137	0.5996361862756849	0.41717103714987963	0.4125249814934658	0.6529438917233693	0.3812542206591022	0.41444950207311
TTT	Phe	F	4.107557856832338e-06	1.7483213692228368	0.26754248454367735	3.4156512992062827e-05	0.00030943304770185556	0.00525014772188371	3.4709147255093946e-06	8.429207794973336e-06	0.796242019415448	7.60006835112479e-06	2.247007139661375e-06	0.044080584895517604	0.504757197283058	0.5062107376092657	0.48063158672529244	0.4404475062717407	0.4648391574652832	0.4688653907153975	0.6266486655637837	0.44313392535064156	0.4586966741089002	0.5858517460466671	0.393011728680504	0.4707465234821593
GGA	Gly	G	5.35256602645752e-06	2.1957998362206745	0.3622704124345035	4.64615143342744e-05	0.0004141571035564172	0.0070055859738508905	5.200807772625385e-06	1.2210165598271591e-05	1.19565651744683	1.2972681915536005e-05	3.2870636905161967e-06	0.0641893887016478	0.657750011066367	0.635774105552272	0.650807304301594	0.5991202360409335	0.6221586236675022	0.6256351209183484	0.9389684012162374	0.6419035741377841	0.6887901599718699	1.0	0.5749223313493212	0.6854929817144587
GGC	Gly	G	4.132702901043703e-06	1.8184460301652619	0.29103506868461704	3.879006271316469e-05	0.00032961338923495056	0.0059889984852621115	4.043914885823973e-06	9.185234921299894e-06	0.9906587477911329	9.771191287584188e-06	2.3929830630466964e-06	0.04701519586333509	0.507847145735172	0.52651470286712	0.5228352689225172	0.5001970310642649	0.49515464259292197	0.5348485916085508	0.7300997193133879	0.4828792105909033	0.5706956700454991	0.753212893926141	0.418543579017234	0.5020858969080588
GGG	Gly	G	3.92746959427615e-06	1.7369775432654284	0.2774166092756264	3.550849465037491e-05	0.0003361184894944077	0.005506886398627434	4.55611114686114e-06	9.725180596432487e-06	0.990252075422919	1.1117893057765045e-05	2.4463267151316728e-06	0.04989018974917855	0.48262705332897204	0.5029262347676838	0.4983701385875682	0.4578812809098914	0.5049267899000407	0.49179348462053635	0.8225730667934515	0.511264825504833	0.570461395467917	0.8570234844385048	0.42787362543765045	0.5327886060486287
GGT	Gly	G	5.5042980125624375e-06	2.4178940904047894	0.37631346315073694	4.7195240360076844e-05	0.0004167694911908419	0.007617020725261306	5.068282967592476e-06	1.2516560364270255e-05	1.3010671396205495	1.0600874072332297e-05	3.3765227767369862e-06	0.06560904637550885	0.6763955943335915	0.700079500549129	0.6760351994514768	0.6085816174889302	0.6260830269462649	0.6802394118456441	0.9150420017522503	0.658011127619245	0.7495147897048393	0.817169043483349	0.5905691308192638	0.7006538267007243
CAC	HIS	H	5.96657932854156e-06	2.650209178916505	0.4387499467776126	5.817500871597075e-05	0.00046146858106157476	0.008260625470283672	3.66588527500313e-06	1.23991784889547e-05	1.2897235084428758	6.119505372802094e-06	3.645089241046706e-06	0.06468944542407351	0.7332030282256834	0.7673442462552078	0.7882003617295968	0.7501654961746327	0.693231275749335	0.7377166498638011	0.6618491946250548	0.6518402166109031	0.742979985252624	0.4717224558996865	0.6375426221539999	0.6908332004112784
CAT	HIS	H	6.602043924219912e-06	2.6994496935093872	0.455541754843019	5.627707416752522e-05	0.00045170601433327644	0.008027421157844015	4.527426004024898e-06	1.4173741306685297e-05	1.3191825245473399	7.5935316168165175e-06	4.303112048279386e-06	0.06964615182061332	0.8112920873374585	0.7816013946554489	0.8183663122635028	0.7256916706666228	0.6785656693236979	0.7168902966142008	0.8173941707670734	0.7451311884708206	0.759950645403866	0.5853478614720793	0.7526337922784911	0.7437669876925393
ATA	Ile	I	2.2802112016574967e-06	0.9814761466050589	0.15286746249697897	1.9129268172116992e-05	0.0001360398872311684	0.0029167141275951783	2.4807973052914614e-06	3.73010665569592e-06	0.45506842890265564	7.182015078201228e-06	1.1820445682063435e-06	0.021294053556236214	0.280203725785049	0.28417759621602007	0.2746215472428918	0.24667150493875598	0.20436300205121644	0.26047768205450966	0.44789009348737946	0.19609634078552404	0.2621544326219477	0.5536260832542337	0.20674495017322642	0.22740400805027483
ATC	Ile	I	4.01452532995252e-06	1.7209901436735444	0.2782313436367526	3.516133015970903e-05	0.00026443517705119444	0.005257541684692983	3.692408016731839e-06	7.23526957585028e-06	0.8182241509539748	9.493450249273886e-06	2.151029742225309e-06	0.04059144481195739	0.49332489634884036	0.4982972269191673	0.499833783023014	0.45340460220983153	0.39724207164548153	0.46952570989976156	0.6666376846992236	0.38036710994698497	0.47136007340293523	0.7318032085489268	0.37622484704812587	0.43348520836641447
ATT	Ile	I	4.395996731842471e-06	1.8658980560786713	0.3009672401732296	3.730603618041629e-05	0.0002950023691011732	0.00569703500028203	4.024429594209322e-06	8.320832302788782e-06	0.8721148059629978	9.836861329330485e-06	2.4893795224355446e-06	0.044987994836699595	0.5402020049308486	0.5402540104461143	0.5406780999418287	0.4810605405875579	0.4431609801270413	0.5087747398406811	0.7265817901926571	0.4374364910920878	0.502405237580953	0.7582750732175063	0.435403756483693	0.4804369592192769
AAA	Lys	K	4.632192370797939e-06	1.9579427688375581	0.3046844281545403	4.305487258455964e-05	0.0003601424804977007	0.006545474173357965	4.7974281636441395e-06	9.939475743562425e-06	0.8827220637213123	1.0725977587249095e-05	2.714962716134918e-06	0.04627156050547179	0.5692269031514142	0.5669047296782547	0.547355910236746	0.5551916633622255	0.5410163149842656	0.5845447534584632	0.8661411168620704	0.5225305876074012	0.5085158342795882	0.8268126557858271	0.47485927905511677	0.49414444694131504
AAG	Lys	K	4.2119244428121816e-06	1.8918818633236825	0.28163850575852906	3.7991080914497856e-05	0.0003197411644458274	0.005700543103896932	4.2351681660142755e-06	9.464686174913e-06	0.8602195437953443	1.0175048780740701e-05	2.7083477012622436e-06	0.047363826264780924	0.517582283931944	0.5477773882775258	0.5059546416956574	0.4898941778174744	0.48032430469796816	0.509088031667731	0.7646291221636293	0.49757031015444475	0.4955526512304338	0.7843442741438934	0.4737022829848912	0.5058089997173754
CTA	Leu	L	4.0534259452622215e-06	1.669248816475712	0.2699716982580386	3.742385720823398e-05	0.0003192926672187767	0.005571193694167347	3.6628986498175958e-06	8.50014751816568e-06	0.8629429540183337	9.303979291153986e-06	2.3595865954170824e-06	0.04239018709503099	0.49810519798808583	0.48331599070780645	0.48499559210567034	0.482579840227446	0.4796505593604997	0.49753645926551526	0.6613099809493919	0.44686331472697866	0.49712154508564194	0.7171978278455743	0.41270238552778427	0.4526943835260518
CTC	Leu	L	2.8668043405334007e-06	1.222329870258074	0.20607396144207749	2.8511680223133837e-05	0.00024098334226586784	0.0043053174261226575	2.661122581875074e-06	5.753975563304103e-06	0.6457237362136418	8.178550532664075e-06	1.4463518688590705e-06	0.028631906746985344	0.3522872165220021	0.3539146269774345	0.37020533482600165	0.3676575081541481	0.3620120559649009	0.38448715047365317	0.4804465239603168	0.3024936435021984	0.3719865605834464	0.6304440813329041	0.2529734944884261	0.30576659982520554
CTG	Leu	L	3.5143736607748695e-06	1.5197844237407288	0.24168328129375988	3.3195918983781444e-05	0.0002906290578505389	0.004947643587592722	3.3110256133370274e-06	7.439369402849609e-06	0.7763260965361772	8.066892376576293e-06	1.829453760211642e-06	0.03654815330844948	0.43186376456450504	0.4400399192574361	0.43417634837068775	0.428060667030117	0.4365912671239331	0.44185020435670236	0.5977818374493916	0.3910968914046843	0.4472235699976182	0.6218369053599805	0.3199797509099943	0.39030598505953756
CTT	Leu	L	4.474579789755555e-06	1.9118452346025894	0.30793591619673444	4.0658300225237184e-05	0.00034888126167330227	0.006189016779257033	3.6260022260503615e-06	8.935253685003375e-06	0.9531432591300761	8.433158607793566e-06	2.310690955376083e-06	0.0459617835933692	0.5498586830468155	0.5535576029898559	0.5531971053635819	0.5242879139218583	0.524099390598706	0.5527112614860582	0.6546485972663283	0.4697373864481716	0.5490838617550623	0.6500705607908313	0.40415031656535594	0.490836269321327
TTA	Leu	L	4.019436254121326e-06	1.708858365110316	0.2583026170513085	3.41170808997071e-05	0.00029848621768446956	0.005092105350442448	4.063072536457693e-06	8.565727459959286e-06	0.8076582503694005	9.592102055558053e-06	2.2980523473555324e-06	0.04051639423922065	0.49392837520560023	0.49478457948311033	0.4640324578745485	0.4399390302821338	0.4483945169202944	0.45475138818428235	0.7335584952137942	0.45031093373675046	0.46527330161881414	0.7394077892305838	0.40193976676397863	0.43268372634695157
TTG	Leu	L	4.0614395180234935e-06	1.745350387249075	0.27156064522671675	3.521625471264526e-05	0.00030660963912531485	0.005698120216341464	4.021143907707862e-06	8.711987219751348e-06	0.8410824513913091	9.665698341958962e-06	2.278815739774776e-06	0.04309393432640717	0.49908994577939825	0.5053505164835408	0.4878500849316628	0.45411285314807787	0.46059775250338014	0.5088716552569076	0.7259885831494335	0.457999991006895	0.48452821340399255	0.7450809635888305	0.3985751969476135	0.4602098591796931
ATG	Met	M	3.1608531038248796e-06	1.420461734131003	0.21832786698500767	2.8532372723291413e-05	0.0002385212628108996	0.004293089252176211	3.0226196558315593e-06	6.67302428396748e-06	0.6463183873142723	7.362371007464036e-06	1.7485361787094968e-06	0.03279306441172828	0.3884213952230216	0.4112819272464907	0.39221908742580186	0.3679243375021864	0.35831344992407893	0.38339511119040814	0.5457122181403425	0.35080917647777804	0.3723291253758881	0.5675288313858143	0.30582689931220364	0.3502045424927509
AAC	Asn	N	6.156534251253722e-06	2.6654096872193276	0.42509054520349754	5.429639334021944e-05	0.00046272289501257186	0.00792288711299441	4.568155950002382e-06	1.3078003130514984e-05	1.2259549542068902	1.0292136728451006e-05	3.886558269263275e-06	0.06777519198538083	0.7565456365930436	0.7717454168039771	0.7636616800937347	0.7001508336581788	0.6951155419727031	0.7075548648553615	0.8247476692865536	0.6875268713186843	0.7062443910142624	0.79337000594497	0.6797766491524618	0.7237865849801424
AAT	Asn	N	6.4079750517836636e-06	2.7552946755257386	0.43901232208653485	5.285728271154912e-05	0.00045072132626496227	0.00797981772751901	5.207804575524882e-06	1.3984316320550118e-05	1.262307865432826	1.108828115862193e-05	4.237779168789624e-06	0.07099251022373623	0.7874439363082855	0.7977708072336637	0.788671710649227	0.681593532806236	0.6770864427981514	0.7126390636697078	0.9402316236077178	0.7351728816278419	0.7271864652415866	0.8547408493337583	0.741206775668381	0.7581450532089874
CCA	Pro	P	6.373618788492949e-06	2.7808192884208003	0.45110060464633595	5.922616376338962e-05	0.0005048357803542826	0.00873365935154323	4.787421480729579e-06	1.2858459171055017e-05	1.3216952203154184	1.2747955266606254e-05	4.3975879755701855e-06	0.07462929786786539	0.7832220673116272	0.8051612294685321	0.8103879268135886	0.7637201180837303	0.7583787205053802	0.7799610260808588	0.8643344823028739	0.6759851726313494	0.7613981515185412	0.9826769321569027	0.7691580599801265	0.7969831299762211
CCC	Pro	P	6.456030954742982e-06	2.9179229689438504	0.47994800740517624	6.261056085217491e-05	0.0005494732944992705	0.009202894773702425	4.124803288710601e-06	1.2689962299773628e-05	1.4644609867343599	1.0115011109836564e-05	3.6369207649361715e-06	0.07375181641164792	0.7933492853590126	0.8448583678026415	0.8622113707968244	0.8073618463343633	0.8254344684954693	0.8218661802217861	0.7447035381153758	0.6671270827851422	0.8436422188199033	0.7797162665125464	0.636113918675394	0.7876123072905984
CCG	Pro	P	7.3394598359112566e-06	3.209526776154392	0.5132898063048802	6.794748129196285e-05	0.0005906465710484467	0.009715595112054507	4.9569473113252786e-06	1.3490483327158022e-05	1.6106547257090247	1.14080041347157e-05	3.867532196375682e-06	0.0786623952163086	0.9019094326776163	0.929289629089195	0.9221088548796718	0.8761813215372772	0.8872861398775284	0.867652976555036	0.8949411505510534	0.7092114676785979	0.9278610620962902	0.8793867150210123	0.6764489028077479	0.8400534875983999
CCT	Pro	P	8.137690515245687e-06	3.453742165722949	0.5471546412621853	7.305152530401474e-05	0.0006355921062371357	0.01109800178684209	5.2456797486750965e-06	1.5678297759364164e-05	1.7358792081113072	1.1338515039272873e-05	4.5515243463870004e-06	0.09363010726946497	1.0	1.0	0.98294595664869	0.9419978601731698	0.954804605872365	0.9911090543716995	0.9470697134455763	0.8242275902922128	1.0	0.8740301437356555	0.7960822286370347	0.9998970656771893
CAA	Gln	Q	4.320909237249715e-06	1.8613411982440593	0.3016483789144887	4.1230404638023626e-05	0.00032782023675517356	0.005840175887457721	3.6283165410248352e-06	1.0348826053511575e-05	0.9332438323432187	6.674202525708954e-06	2.69494506210334e-06	0.04466943565399547	0.5309748790709893	0.5389346132195821	0.5419017440839909	0.5316651881183607	0.49246091774970663	0.5215579626275818	0.6550664301735414	0.5440506419355722	0.5376202606623869	0.5144813207603564	0.47135810067601097	0.47703499374770414
CAG	Gln	Q	5.749451665334101e-06	2.575892879117961	0.4004687530381257	5.898628594289805e-05	0.0004899422827347753	0.008383782448127737	5.094919149309874e-06	1.3910281445517781e-05	1.396353583239249	9.909531415981337e-06	3.9355801297176795e-06	0.06305311573399051	0.7065212979730181	0.7458266296432602	0.7194294115004036	0.7606268987065075	0.7360052832252307	0.7487152060178492	0.9198509725996895	0.7312807762741824	0.804407113533278	0.7638768514098647	0.68835079463703	0.6733584660196406
AGA	Arg	R	3.7675351733317556e-06	1.602501126228787	0.2596008571124397	3.421297792874665e-05	0.0002881074962326273	0.005127398563200737	4.112734373305863e-06	7.992930577036086e-06	0.8014238705720795	1.0437428205205259e-05	2.1400952530769454e-06	0.04182065707926185	0.46297351395625164	0.4639897969608122	0.4663647049626925	0.44117562042554676	0.43280330527993455	0.45790325492520134	0.7425245823266907	0.4201982900183532	0.4616818191192316	0.804569808553269	0.37431235535791957	0.4466122438362646
AGG	Arg	R	1.9410504573888594e-06	0.8377186268040483	0.13650347800690263	1.7682293736855312e-05	0.00014402030649825304	0.0026707379635559077	2.9664254333474533e-06	4.452981842225843e-06	0.5007140958009088	8.805516669628814e-06	1.2474301725511994e-06	0.02353291198341287	0.2385259618502777	0.24255389852724987	0.24522416819100717	0.22801280046859929	0.21635141568667793	0.2385107362906354	0.5355667558294264	0.23409878736616327	0.28844984919526856	0.6787738053673683	0.2181811885993597	0.25131328293082017
CGA	Arg	R	2.4588525562743215e-06	1.0092749502392355	0.15418733292859813	2.3031503064530236e-05	0.00018243950718402734	0.003425386539811045	2.1884327008059164e-06	4.319679338592406e-06	0.45660680594693454	4.928813914604727e-06	1.0843480699807053e-06	0.02200068375245793	0.3021560664746029	0.29222648993775446	0.2769926526054771	0.2969907406186212	0.2740658356877122	0.3059047637165404	0.39510576896553107	0.22709090914902177	0.2630406561777634	0.37993793008229154	0.18965739002445173	0.23495027153673584
CGC	Arg	R	3.2576586288712086e-06	1.3715612678368576	0.23177446598166743	3.03090605636563e-05	0.00023891631098216394	0.004456520388167674	2.8316357239115915e-06	6.413769291769914e-06	0.6837670325119419	6.7858467991311185e-06	1.7541582885499818e-06	0.034754082067458336	0.400317340991046	0.39712323677461253	0.4163754759816098	0.39083468929640736	0.3589069025641656	0.397990358313132	0.5112314441811932	0.33717981946658093	0.3939024266878008	0.5230874265871291	0.3068102317939926	0.3711466930134426
CGG	Arg	R	7.710177986894163e-06	3.192851327910435	0.5566477358813138	7.754956607925362e-05	0.0006656776709371042	0.011197558672166022	5.538852815375709e-06	1.9021806530166925e-05	1.6811437182791922	8.097626099480699e-06	5.717404788924412e-06	0.09363974601330902	0.9474651281526874	0.9244614029380206	1.0	1.0	1.0	1.0	1.0	1.0	0.9684681459537331	0.6242060163198044	1.0	1.0
CGT	Arg	R	4.146861266275018e-06	1.7524030381104243	0.28423781807460385	3.565440146387225e-05	0.0002909120853324453	0.0054461287060273535	3.3272869180823075e-06	8.05741036914672e-06	0.8796651003332665	7.610237036143962e-06	2.1335594732571e-06	0.043801468430927415	0.509586996274436	0.5073925481474398	0.5106242238182891	0.4597627461568823	0.4370164390866759	0.486367507907317	0.6007176989512787	0.42358807279258	0.5067547881343487	0.5866355997698509	0.3731692178574042	0.46776577570705835
AGC	Ser	S	2.5568222025381087e-06	1.1200757265793595	0.17142061374213483	2.403630984437392e-05	0.0001809884443651964	0.003544246889877609	2.949717235857021e-06	5.256876426745858e-06	0.5533883164906436	9.215982909416563e-06	1.522850862878439e-06	0.02829939123213167	0.31419506526427726	0.3243078587902932	0.30795169492737223	0.3099477026062202	0.27188600769860716	0.31651960875075463	0.5325502110597132	0.27636052434919417	0.3187942536005993	0.7104146212341458	0.266353515117289	0.30221559153000566
AGT	Ser	S	3.154972105881653e-06	1.3573614631316868	0.21831129064226787	2.8078879303717703e-05	0.00023045304408446566	0.004286494814524052	3.615391765948282e-06	6.801745660325991e-06	0.6840691006420704	9.58100929627229e-06	2.094915705943282e-06	0.035641707891805076	0.3876987088622896	0.39301181095768317	0.3921893085518906	0.3620765495324864	0.3461931414344222	0.3828061937446303	0.6527329550826932	0.35757621914296184	0.3940764411749362	0.7385527031845383	0.3664102478805578	0.38062584969783364
TCA	Ser	S	4.233942983139908e-06	1.767583544381989	0.28957670166145055	3.939396363985165e-05	0.00029893427973108145	0.005672528891734779	3.98184120948284e-06	9.915488871818464e-06	0.9612415807375517	9.678379266860925e-06	2.814866453439099e-06	0.04930120328297481	0.5202880319923398	0.5117879272878474	0.5202153588264894	0.5079843206291065	0.4490676085172848	0.5065862173899646	0.7188927639364876	0.5212695679610327	0.5537491181678555	0.7460584734811201	0.49233289531851504	0.5264986865296242
TCC	Ser	S	4.511565800520597e-06	1.962966129244879	0.30231837536795064	4.288480753885965e-05	0.0003526555691710317	0.006404331970869321	3.622561896930508e-06	9.171221053117418e-06	0.9614617222159604	9.523004060467137e-06	2.5633849451684475e-06	0.05001244871666295	0.5544037085298749	0.5683591985315396	0.543105371459572	0.5529986782264198	0.5297692630647843	0.5719400235685915	0.6540274706116711	0.4821424841311818	0.5538759365993339	0.734081365940411	0.4483476401975528	0.5340942371795272
TCG	Ser	S	4.430015721192182e-06	1.939947053348055	0.3160595771761788	4.161896671061398e-05	0.00035992084227623385	0.006281277738508031	4.2227498706220314e-06	9.686947258620925e-06	0.9934509811756405	9.79374008151033e-06	2.4020024926481113e-06	0.045819086446669634	0.5443824280233682	0.5616942320134019	0.5677910046212201	0.5366756877540809	0.5406833637209991	0.5609506431184432	0.7623870883334883	0.5092548514389668	0.5723042113376928	0.7549510691217524	0.4201211181165972	0.4893123742578004
TCT	Ser	S	5.122113457405744e-06	2.1623681897256906	0.3351486939637947	4.626397869686809e-05	0.00040971196880579296	0.006954771828388715	4.219579910078696e-06	1.0942259687431855e-05	1.0555736747273878	1.005611495588101e-05	2.8429535627094083e-06	0.05403513173811226	0.6294308499210726	0.6260942728112006	0.6020839974012825	0.5965730182111854	0.6154810153524048	0.621097154478531	0.7618147747788592	0.5752481852908338	0.6080916631727424	0.7751762527868556	0.49724545797713926	0.5770533778512411
ACA	Thr	T	6.03857511751855e-06	2.6443058986232084	0.4142732141969213	5.7196918063309476e-05	0.00044902004165890013	0.007951032407977721	4.264527244110812e-06	1.1894208337950746e-05	1.188666090458922	9.365733847052942e-06	3.613976962279986e-06	0.061685265124453555	0.742050229878549	0.7656350045081299	0.7442286880786865	0.7375530380770374	0.67453072449733	0.7100683855081509	0.7699296923493971	0.6252933084503604	0.6847631361125807	0.7219581816645482	0.6321009436450741	0.6587508803760128
ACC	Thr	T	5.069320359164056e-06	2.38152836983768	0.34874561074515	4.8867854722554985e-05	0.00042459223811140527	0.00726448489726546	3.64180140080316e-06	1.0615367158808992e-05	1.0837807629960265	8.1628665448043e-06	2.866221984292811e-06	0.05667562097563763	0.6229433706856824	0.6895501330335035	0.6265104270890417	0.6301499440063059	0.6378345806818002	0.6487561360426647	0.6575010245250813	0.5580630389639357	0.6243411165545413	0.6292350801439524	0.5013152103284993	0.6052517588800628
ACG	Thr	T	5.597603832935515e-06	2.4900700221809777	0.3902804880624673	5.377530113516825e-05	0.000482135840512886	0.007666655359628728	4.61882477652844e-06	1.2848153994454039e-05	1.2378763484316067	1.02983417759992e-05	3.535320276358049e-06	0.0644313970823551	0.6878614789354048	0.7209773928389782	0.7011265166551963	0.6934313607920295	0.7242782228734844	0.6846720418340718	0.8338955611361805	0.675443416695359	0.7131120314405149	0.7938483224248309	0.6183435329271364	0.6880774438794127
ACT	Thr	T	5.182843585200334e-06	2.2554965001126708	0.3568019689333017	4.837448126994006e-05	0.00043197204529040096	0.0070731827033095555	3.7136480098662715e-06	1.110655043235561e-05	1.0614517581639604	7.585224939870688e-06	2.919858738232004e-06	0.05455790654619011	0.6368936709365455	0.6530587379965993	0.6409834190170453	0.6237879038614169	0.6489207376932061	0.6316718590536611	0.6704724125467431	0.5838851538491673	0.6114778915514831	0.5847075407581426	0.5106965215911017	0.5826362081165384
GTA	Val	V	2.7058974404924813e-06	1.2050694480396298	0.17809215446361548	2.52440157786323e-05	0.00022458340483498955	0.0037325186378831666	3.1088032551109853e-06	6.26904519665018e-06	0.5917619436959676	8.825753178718672e-06	1.6804880846986722e-06	0.028592307511598747	0.332514174067332	0.34891702687000686	0.3199369062045149	0.32552104486095484	0.3373756017966375	0.3333332512167279	0.5612720465293878	0.3295714939960104	0.3409004157264051	0.6803337379411889	0.2939249793812158	0.30534371064542315
GTC	Val	V	3.0927753126892935e-06	1.3509206842981956	0.2090869474555194	2.92232768941961e-05	0.0002566593048051491	0.004364428832514385	2.892772220957873e-06	6.7621779126267855e-06	0.6430286287109219	7.680027870863614e-06	1.718157417079974e-06	0.03288060671070328	0.3800556566872485	0.39114694133961686	0.37561806862374464	0.37683353204492054	0.3855609343841117	0.3897661052996423	0.5222691985834347	0.3554960934915704	0.3704339712730115	0.5920154306463076	0.3005135162737363	0.3511394264784738
GTG	Val	V	3.6878672784279485e-06	1.6446686020428354	0.2576069644574419	3.475241842829477e-05	0.0003263333198869016	0.005279782313671384	3.634127236742322e-06	8.308090403607383e-06	0.8120454987199338	8.77968371494754e-06	2.0712985387264578e-06	0.038608054850166024	0.4531835256598729	0.4761990105589043	0.46278274005657294	0.44813169415775594	0.4902272287840263	0.4715119132883346	0.6561155094524412	0.4367666336229147	0.46780069426804505	0.6767824704337384	0.3622794983379376	0.4123041389356039
GTT	Val	V	3.2809742731650996e-06	1.4685435985264932	0.2209786125789161	3.048017939665667e-05	0.0002749112799276359	0.004596456533520537	3.1975607997094535e-06	7.503214129110484e-06	0.6783875888545577	7.902923100096141e-06	1.8883385168249279e-06	0.03535096478432827	0.4031824836565492	0.4252035988966457	0.39698106780053855	0.39304126299696795	0.412979572441766	0.4104873810526248	0.5772965822152033	0.39445328797824963	0.39080345319226756	0.6091973233870515	0.33027896161610976	0.37752093837699896
TGG	Trp	W	2.6911516077116204e-06	1.1642329499734647	0.19297537805176898	2.338208008340335e-05	0.00018944002086214413	0.0036250189242221643	2.7085286437621025e-06	5.8998501534036865e-06	0.6290596065906425	5.6207338333709314e-06	1.4899637146316276e-06	0.028798117474281057	0.3307021325853864	0.3370931859152733	0.3466741452675457	0.3015114237971039	0.28458220717462396	0.3237329698689537	0.48900534714396066	0.3101624519231146	0.3623867396136853	0.43327462046530063	0.26060140389533754	0.3075416017274116
TAC	Tyr	Y	3.85913709323563e-06	1.6206949175831682	0.2571984968780608	3.461116170906832e-05	0.00029043625203549516	0.0050973229442177375	3.781367542730395e-06	7.772698769732348e-06	0.776994346270486	1.129350460023415e-05	2.1853348014916903e-06	0.039237605354859116	0.4742300147696287	0.4692576457119285	0.4620489410072794	0.4463101917771741	0.4363016287246575	0.4552173463389164	0.6826986866727021	0.40862043031536077	0.44760853326648287	0.8705605112161979	0.3822249573311753	0.4190272509846649
TAT	Tyr	Y	4.335706194936733e-06	1.856839997176857	0.28102526274588535	3.639385967405876e-05	0.0003110462506011054	0.005333950355643721	4.412475450816048e-06	9.063700661124519e-06	0.8416175482325992	1.1942776072925908e-05	2.7030148406739225e-06	0.04483720287394536	0.5327932030364062	0.5376313309097805	0.5048529700762215	0.46929804400021	0.46726255691171326	0.4763494000618563	0.7966406759477581	0.4764900035519907	0.48483647036034627	0.9206096434557076	0.47276954150773504	0.47882661778656094
