Sample	Length	Plus_Count	Minus_Count	Plus_Ratio	Minus_Ratio
R_GR_in_01d_1	24	455115	972	1.1181	1.5336
R_GR_in_01d_1	25	652507	1057	1.603	1.6677
R_GR_in_01d_1	26	942620	1783	2.3157	2.8132
R_GR_in_01d_1	27	1518557	2856	3.7306	4.5062
R_GR_in_01d_1	28	2712879	4332	6.6647	6.8351
R_GR_in_01d_1	29	5274487	7785	12.9579	12.2832
R_GR_in_01d_1	30	9329238	12820	22.9192	20.2275
R_GR_in_01d_1	31	11031725	16771	27.1017	26.4614
R_GR_in_01d_1	32	6872845	10506	16.8846	16.5765
R_GR_in_01d_1	33	1679912	3608	4.127	5.6927
R_GR_in_01d_1	34	205843	761	0.5057	1.2007
R_GR_in_01d_1	35	25010	99	0.0614	0.1562
R_GR_in_01d_1	36	3100	21	0.0076	0.0331
R_GR_in_01d_1	37	722	1	0.0018	0.0016
R_GR_in_01d_1	38	219	0	0.0005	0.0
R_GR_in_01d_1	39	75	6	0.0002	0.0095
R_GR_in_01d_1	40	31	0	0.0001	0.0
R_GR_in_01d_1	41	15	0	0.0	0.0
R_GR_in_01d_1	42	4	1	0.0	0.0016
R_GR_in_01d_1	43	7	0	0.0	0.0
R_GR_in_01d_2	24	499739	1088	1.2961	1.8265
R_GR_in_01d_2	25	706469	1174	1.8323	1.9708
R_GR_in_01d_2	26	1042093	1817	2.7027	3.0502
R_GR_in_01d_2	27	1802247	2977	4.6742	4.9976
R_GR_in_01d_2	28	3542527	5497	9.1878	9.228
R_GR_in_01d_2	29	7043270	9600	18.2672	16.1158
R_GR_in_01d_2	30	10460485	15490	27.1299	26.0035
R_GR_in_01d_2	31	9058565	14427	23.494	24.219
R_GR_in_01d_2	32	3735965	6051	9.6895	10.158
R_GR_in_01d_2	33	593212	1242	1.5385	2.085
R_GR_in_01d_2	34	64492	184	0.1673	0.3089
R_GR_in_01d_2	35	6686	6	0.0173	0.0101
R_GR_in_01d_2	36	786	2	0.002	0.0034
R_GR_in_01d_2	37	245	0	0.0006	0.0
R_GR_in_01d_2	38	81	0	0.0002	0.0
R_GR_in_01d_2	39	65	10	0.0002	0.0168
R_GR_in_01d_2	40	31	3	0.0001	0.005
R_GR_in_01d_2	41	5	1	0.0	0.0017
R_GR_in_01d_2	42	4	0	0.0	0.0
R_GR_in_01d_2	43	12	0	0.0	0.0
R_GR_in_01d_3	24	339689	899	1.0302	1.7062
R_GR_in_01d_3	25	540042	1017	1.6378	1.9301
R_GR_in_01d_3	26	993575	1642	3.0132	3.1163
R_GR_in_01d_3	27	2117169	3204	6.4208	6.0807
R_GR_in_01d_3	28	4551348	6460	13.8029	12.2602
R_GR_in_01d_3	29	7998053	12072	24.2558	22.9109
R_GR_in_01d_3	30	9225195	14550	27.9774	27.6138
R_GR_in_01d_3	31	5646852	9511	17.1253	18.0505
R_GR_in_01d_3	32	1385916	2789	4.2031	5.2931
R_GR_in_01d_3	33	158739	479	0.4814	0.9091
R_GR_in_01d_3	34	14953	51	0.0453	0.0968
R_GR_in_01d_3	35	1701	11	0.0052	0.0209
R_GR_in_01d_3	36	313	1	0.0009	0.0019
R_GR_in_01d_3	37	109	1	0.0003	0.0019
R_GR_in_01d_3	38	44	0	0.0001	0.0
R_GR_in_01d_3	39	23	0	0.0001	0.0
R_GR_in_01d_3	40	16	2	0.0	0.0038
R_GR_in_01d_3	41	19	2	0.0001	0.0038
R_GR_in_01d_3	42	7	0	0.0	0.0
R_GR_in_01d_3	43	8	0	0.0	0.0
R_GR_un_01d_1	24	271900	635	0.9096	1.1611
R_GR_un_01d_1	25	388041	706	1.2981	1.2909
R_GR_un_01d_1	26	617734	1160	2.0665	2.121
R_GR_un_01d_1	27	1105311	1916	3.6977	3.5033
R_GR_un_01d_1	28	2086632	3702	6.9806	6.7689
R_GR_un_01d_1	29	4185243	7046	14.0012	12.8833
R_GR_un_01d_1	30	7372103	11726	24.6624	21.4405
R_GR_un_01d_1	31	7998480	15203	26.7579	27.798
R_GR_un_01d_1	32	4588071	8928	15.3488	16.3244
R_GR_un_01d_1	33	1123546	2780	3.7587	5.0831
R_GR_un_01d_1	34	137239	758	0.4591	1.386
R_GR_un_01d_1	35	14582	121	0.0488	0.2212
R_GR_un_01d_1	36	1945	9	0.0065	0.0165
R_GR_un_01d_1	37	430	1	0.0014	0.0018
R_GR_un_01d_1	38	731	0	0.0024	0.0
R_GR_un_01d_1	39	50	0	0.0002	0.0
R_GR_un_01d_1	40	13	0	0.0	0.0
R_GR_un_01d_1	41	1	0	0.0	0.0
R_GR_un_01d_1	42	1	0	0.0	0.0
R_GR_un_01d_2	24	157578	411	0.5907	0.8281
R_GR_un_01d_2	25	279481	600	1.0477	1.209
R_GR_un_01d_2	26	527738	1015	1.9783	2.0452
R_GR_un_01d_2	27	1076035	2273	4.0336	4.58
R_GR_un_01d_2	28	2302205	3975	8.63	8.0094
R_GR_un_01d_2	29	4679337	7763	17.5409	15.6421
R_GR_un_01d_2	30	7365504	12831	27.6102	25.8538
R_GR_un_01d_2	31	6744228	13138	25.2813	26.4724
R_GR_un_01d_2	32	2983225	6051	11.1829	12.1925
R_GR_un_01d_2	33	497563	1324	1.8652	2.6678
R_GR_un_01d_2	34	56234	220	0.2108	0.4433
R_GR_un_01d_2	35	6421	22	0.0241	0.0443
R_GR_un_01d_2	36	860	4	0.0032	0.0081
R_GR_un_01d_2	37	251	1	0.0009	0.002
R_GR_un_01d_2	38	52	0	0.0002	0.0
R_GR_un_01d_2	39	24	0	0.0001	0.0
R_GR_un_01d_2	40	21	0	0.0001	0.0
R_GR_un_01d_2	41	5	0	0.0	0.0
R_GR_un_01d_2	42	0	1	0.0	0.002
R_GR_un_01d_2	43	6	0	0.0	0.0
R_GR_un_01d_3	24	325838	834	0.86	1.0673
R_GR_un_01d_3	25	555700	1199	1.4667	1.5344
R_GR_un_01d_3	26	941843	2320	2.4858	2.969
R_GR_un_01d_3	27	1688602	3990	4.4568	5.1062
R_GR_un_01d_3	28	3225150	6610	8.5122	8.4591
R_GR_un_01d_3	29	6404379	12065	16.9033	15.44
R_GR_un_01d_3	30	10483459	19320	27.6693	24.7245
R_GR_un_01d_3	31	9651195	20736	25.4727	26.5366
R_GR_un_01d_3	32	3924752	8920	10.3587	11.4153
R_GR_un_01d_3	33	608840	1798	1.6069	2.301
R_GR_un_01d_3	34	71187	323	0.1879	0.4134
R_GR_un_01d_3	35	6539	23	0.0173	0.0294
R_GR_un_01d_3	36	592	3	0.0016	0.0038
R_GR_un_01d_3	37	171	0	0.0005	0.0
R_GR_un_01d_3	38	96	0	0.0003	0.0
R_GR_un_01d_3	39	40	0	0.0001	0.0
R_GR_un_01d_3	40	24	0	0.0001	0.0
R_GR_un_01d_3	41	18	0	0.0	0.0
R_GR_un_01d_3	43	6	0	0.0	0.0
R_GR_in_02d_1	20	12352	20	0.0662	0.0687
R_GR_in_02d_1	21	28269	77	0.1514	0.2645
R_GR_in_02d_1	22	54984	126	0.2945	0.4328
R_GR_in_02d_1	23	99339	201	0.5321	0.6904
R_GR_in_02d_1	24	187694	361	1.0053	1.24
R_GR_in_02d_1	25	416491	727	2.2308	2.4971
R_GR_in_02d_1	26	998736	1508	5.3494	5.1796
R_GR_in_02d_1	27	2279549	3114	12.2096	10.6959
R_GR_in_02d_1	28	4246254	6064	22.7436	20.8285
R_GR_in_02d_1	29	5097446	8324	27.3027	28.5911
R_GR_in_02d_1	30	3573010	5812	19.1376	19.9629
R_GR_in_02d_1	31	1386743	2297	7.4276	7.8897
R_GR_in_02d_1	32	264482	411	1.4166	1.4117
R_GR_in_02d_1	33	22033	62	0.118	0.213
R_GR_in_02d_1	34	2189	8	0.0117	0.0275
R_GR_in_02d_1	35	390	1	0.0021	0.0034
R_GR_in_02d_1	36	99	0	0.0005	0.0
R_GR_in_02d_1	37	29	1	0.0002	0.0034
R_GR_in_02d_1	38	2	0	0.0	0.0
R_GR_in_02d_2	20	14011	20	0.0648	0.0597
R_GR_in_02d_2	21	30910	53	0.143	0.1583
R_GR_in_02d_2	22	53958	114	0.2497	0.3405
R_GR_in_02d_2	23	90565	148	0.4191	0.4421
R_GR_in_02d_2	24	160186	279	0.7412	0.8334
R_GR_in_02d_2	25	333403	531	1.5427	1.5861
R_GR_in_02d_2	26	808735	1120	3.7421	3.3455
R_GR_in_02d_2	27	1939524	2947	8.9743	8.8028
R_GR_in_02d_2	28	4049289	5840	18.7363	17.4443
R_GR_in_02d_2	29	5780858	8781	26.7484	26.2292
R_GR_in_02d_2	30	5097728	8105	23.5875	24.2099
R_GR_in_02d_2	31	2549042	4325	11.7946	12.9189
R_GR_in_02d_2	32	636054	1037	2.9431	3.0976
R_GR_in_02d_2	33	61592	146	0.285	0.4361
R_GR_in_02d_2	34	5080	17	0.0235	0.0508
R_GR_in_02d_2	35	773	12	0.0036	0.0358
R_GR_in_02d_2	36	185	3	0.0009	0.009
R_GR_in_02d_2	37	43	0	0.0002	0.0
R_GR_in_02d_2	38	20	0	0.0001	0.0
R_GR_in_02d_2	39	1	0	0.0	0.0
R_GR_in_02d_2	41	2	0	0.0	0.0
R_GR_in_02d_3	20	29652	83	0.0883	0.1612
R_GR_in_02d_3	21	62770	177	0.1869	0.3438
R_GR_in_02d_3	22	107354	213	0.3196	0.4138
R_GR_in_02d_3	23	184859	289	0.5504	0.5614
R_GR_in_02d_3	24	346587	571	1.0319	1.1093
R_GR_in_02d_3	25	753208	1053	2.2425	2.0456
R_GR_in_02d_3	26	1850216	2659	5.5086	5.1655
R_GR_in_02d_3	27	4682510	6401	13.941	12.4349
R_GR_in_02d_3	28	8633678	11980	25.7047	23.273
R_GR_in_02d_3	29	9378000	15498	27.9207	30.1072
R_GR_in_02d_3	30	5636064	9237	16.78	17.9443
R_GR_in_02d_3	31	1678954	2815	4.9987	5.4686
R_GR_in_02d_3	32	222846	411	0.6635	0.7984
R_GR_in_02d_3	33	17923	59	0.0534	0.1146
R_GR_in_02d_3	34	2560	23	0.0076	0.0447
R_GR_in_02d_3	35	627	4	0.0019	0.0078
R_GR_in_02d_3	36	133	1	0.0004	0.0019
R_GR_in_02d_3	37	26	2	0.0001	0.0039
R_GR_in_02d_3	38	5	0	0.0	0.0
R_GR_in_02d_3	39	1	0	0.0	0.0
R_GR_in_02d_3	41	1	0	0.0	0.0
R_GR_un_02d_1	20	12830	36	0.0522	0.0984
R_GR_un_02d_1	21	28231	83	0.1148	0.2268
R_GR_un_02d_1	22	59119	115	0.2404	0.3142
R_GR_un_02d_1	23	121342	227	0.4934	0.6203
R_GR_un_02d_1	24	210960	314	0.8578	0.858
R_GR_un_02d_1	25	339081	519	1.3788	1.4182
R_GR_un_02d_1	26	597459	1030	2.4295	2.8145
R_GR_un_02d_1	27	1170766	1857	4.7607	5.0743
R_GR_un_02d_1	28	2335849	3337	9.4984	9.1185
R_GR_un_02d_1	29	4250384	6044	17.2835	16.5155
R_GR_un_02d_1	30	5882805	8355	23.9215	22.8304
R_GR_un_02d_1	31	5396368	8112	21.9435	22.1664
R_GR_un_02d_1	32	3070749	4579	12.4867	12.5123
R_GR_un_02d_1	33	988522	1698	4.0197	4.6399
R_GR_un_02d_1	34	118661	247	0.4825	0.6749
R_GR_un_02d_1	35	7853	18	0.0319	0.0492
R_GR_un_02d_1	36	869	14	0.0035	0.0383
R_GR_un_02d_1	37	220	9	0.0009	0.0246
R_GR_un_02d_1	38	70	1	0.0003	0.0027
R_GR_un_02d_1	39	7	0	0.0	0.0
R_GR_un_02d_1	40	2	1	0.0	0.0027
R_GR_un_02d_2	20	13732	45	0.0511	0.1106
R_GR_un_02d_2	21	25266	67	0.0941	0.1647
R_GR_un_02d_2	22	45091	99	0.1679	0.2433
R_GR_un_02d_2	23	75895	169	0.2825	0.4154
R_GR_un_02d_2	24	130743	287	0.4867	0.7054
R_GR_un_02d_2	25	241680	480	0.8997	1.1797
R_GR_un_02d_2	26	514808	977	1.9164	2.4012
R_GR_un_02d_2	27	1147795	2006	4.2728	4.9302
R_GR_un_02d_2	28	2512039	3779	9.3513	9.2878
R_GR_un_02d_2	29	4971600	7076	18.5073	17.3909
R_GR_un_02d_2	30	7336652	10242	27.3114	25.172
R_GR_un_02d_2	31	6437031	9504	23.9625	23.3582
R_GR_un_02d_2	32	2824920	4633	10.516	11.3866
R_GR_un_02d_2	33	529886	1103	1.9726	2.7109
R_GR_un_02d_2	34	48289	201	0.1798	0.494
R_GR_un_02d_2	35	6315	17	0.0235	0.0418
R_GR_un_02d_2	36	1003	3	0.0037	0.0074
R_GR_un_02d_2	37	188	0	0.0007	0.0
R_GR_un_02d_2	38	43	0	0.0002	0.0
R_GR_un_02d_2	39	6	0	0.0	0.0
R_GR_un_02d_2	40	3	0	0.0	0.0
R_GR_un_02d_3	20	16907	28	0.0851	0.0892
R_GR_un_02d_3	21	41083	90	0.2068	0.2867
R_GR_un_02d_3	22	81005	152	0.4078	0.4842
R_GR_un_02d_3	23	137390	230	0.6917	0.7326
R_GR_un_02d_3	24	206393	414	1.039	1.3188
R_GR_un_02d_3	25	328501	623	1.6538	1.9845
R_GR_un_02d_3	26	591140	1046	2.976	3.332
R_GR_un_02d_3	27	1137567	1892	5.7268	6.0268
R_GR_un_02d_3	28	2217904	3249	11.1655	10.3494
R_GR_un_02d_3	29	3983029	5700	20.0517	18.1569
R_GR_un_02d_3	30	5383918	7853	27.1041	25.0151
R_GR_un_02d_3	31	4086679	6803	20.5735	21.6704
R_GR_un_02d_3	32	1448443	2689	7.2919	8.5656
R_GR_un_02d_3	33	185935	530	0.936	1.6883
R_GR_un_02d_3	34	15828	86	0.0797	0.2739
R_GR_un_02d_3	35	1776	5	0.0089	0.0159
R_GR_un_02d_3	36	264	3	0.0013	0.0096
R_GR_un_02d_3	37	54	0	0.0003	0.0
R_GR_un_02d_3	38	8	0	0.0	0.0
R_GR_un_02d_3	39	4	0	0.0	0.0
R_GR_in_04d_1	24	43240	78	0.1687	0.1504
R_GR_in_04d_1	25	111784	252	0.436	0.4859
R_GR_in_04d_1	26	309964	781	1.209	1.5059
R_GR_in_04d_1	27	834440	2709	3.2548	5.2234
R_GR_in_04d_1	28	2010207	4377	7.841	8.4395
R_GR_in_04d_1	29	4362130	7888	17.0149	15.2093
R_GR_in_04d_1	30	7525235	13430	29.3528	25.8951
R_GR_in_04d_1	31	6997372	14501	27.2938	27.9602
R_GR_in_04d_1	32	2777963	6136	10.8357	11.8312
R_GR_in_04d_1	33	539141	1195	2.103	2.3041
R_GR_in_04d_1	34	107955	392	0.4211	0.7558
R_GR_in_04d_1	35	15619	85	0.0609	0.1639
R_GR_in_04d_1	36	1770	21	0.0069	0.0405
R_GR_in_04d_1	37	230	8	0.0009	0.0154
R_GR_in_04d_1	38	60	10	0.0002	0.0193
R_GR_in_04d_1	39	15	0	0.0001	0.0
R_GR_in_04d_1	40	30	0	0.0001	0.0
R_GR_in_04d_1	41	9	0	0.0	0.0
R_GR_in_04d_1	43	15	0	0.0001	0.0
R_GR_in_04d_2	24	222106	573	0.8935	1.2191
R_GR_in_04d_2	25	397169	778	1.5977	1.6553
R_GR_in_04d_2	26	699918	1579	2.8156	3.3596
R_GR_in_04d_2	27	1372139	3024	5.5198	6.434
R_GR_in_04d_2	28	2778391	4755	11.1768	10.117
R_GR_in_04d_2	29	5198036	8792	20.9105	18.7064
R_GR_in_04d_2	30	7038593	12747	28.3146	27.1213
R_GR_in_04d_2	31	5181149	10251	20.8426	21.8106
R_GR_in_04d_2	32	1599425	3654	6.4341	7.7745
R_GR_in_04d_2	33	308264	615	1.2401	1.3085
R_GR_in_04d_2	34	55233	169	0.2222	0.3596
R_GR_in_04d_2	35	6662	18	0.0268	0.0383
R_GR_in_04d_2	36	971	29	0.0039	0.0617
R_GR_in_04d_2	37	253	16	0.001	0.034
R_GR_in_04d_2	38	89	0	0.0004	0.0
R_GR_in_04d_2	39	31	0	0.0001	0.0
R_GR_in_04d_2	40	44	0	0.0002	0.0
R_GR_in_04d_2	41	2	0	0.0	0.0
R_GR_in_04d_2	43	17	0	0.0001	0.0
R_GR_in_04d_3	24	936341	2127	4.1403	4.7756
R_GR_in_04d_3	25	1239324	2699	5.48	6.0599
R_GR_in_04d_3	26	1608722	3224	7.1133	7.2386
R_GR_in_04d_3	27	2243185	5405	9.9188	12.1354
R_GR_in_04d_3	28	3428407	6973	15.1595	15.6559
R_GR_in_04d_3	29	5120002	8673	22.6393	19.4728
R_GR_in_04d_3	30	5024947	9387	22.219	21.0759
R_GR_in_04d_3	31	2382468	4682	10.5347	10.5121
R_GR_in_04d_3	32	508803	1001	2.2498	2.2475
R_GR_in_04d_3	33	105261	286	0.4654	0.6421
R_GR_in_04d_3	34	16075	72	0.0711	0.1617
R_GR_in_04d_3	35	1598	5	0.0071	0.0112
R_GR_in_04d_3	36	323	0	0.0014	0.0
R_GR_in_04d_3	37	33	3	0.0001	0.0067
R_GR_in_04d_3	38	42	0	0.0002	0.0
R_GR_in_04d_3	39	2	0	0.0	0.0
R_GR_in_04d_3	40	1	0	0.0	0.0
R_GR_in_04d_3	41	0	2	0.0	0.0045
R_GR_un_04d_1	24	90393	1135	0.4359	2.5314
R_GR_un_04d_1	25	201507	287	0.9718	0.6401
R_GR_un_04d_1	26	454613	121	2.1923	0.2699
R_GR_un_04d_1	27	1072473	2602	5.1719	5.8032
R_GR_un_04d_1	28	2309296	2618	11.1364	5.8389
R_GR_un_04d_1	29	4537460	9185	21.8815	20.4853
R_GR_un_04d_1	30	6347679	15390	30.6112	34.3243
R_GR_un_04d_1	31	4188023	10238	20.1964	22.8338
R_GR_un_04d_1	32	1166683	2566	5.6262	5.723
R_GR_un_04d_1	33	299006	694	1.4419	1.5478
R_GR_un_04d_1	34	54656	1	0.2636	0.0022
R_GR_un_04d_1	35	12937	0	0.0624	0.0
R_GR_un_04d_1	36	1444	0	0.007	0.0
R_GR_un_04d_1	37	13	0	0.0001	0.0
R_GR_un_04d_1	39	8	0	0.0	0.0
R_GR_un_04d_1	42	298	0	0.0014	0.0
R_GR_un_04d_2	24	212170	637	0.995	1.2464
R_GR_un_04d_2	25	367167	950	1.7219	1.8588
R_GR_un_04d_2	26	672445	1961	3.1536	3.837
R_GR_un_04d_2	27	1343600	5463	6.3012	10.6893
R_GR_un_04d_2	28	2613351	6206	12.2561	12.1432
R_GR_un_04d_2	29	4815466	9356	22.5836	18.3067
R_GR_un_04d_2	30	6085661	13049	28.5406	25.5327
R_GR_un_04d_2	31	3872959	9969	18.1634	19.5061
R_GR_un_04d_2	32	1013621	2731	4.7537	5.3437
R_GR_un_04d_2	33	262887	555	1.2329	1.086
R_GR_un_04d_2	34	54925	177	0.2576	0.3463
R_GR_un_04d_2	35	7422	43	0.0348	0.0841
R_GR_un_04d_2	36	922	10	0.0043	0.0196
R_GR_un_04d_2	37	122	0	0.0006	0.0
R_GR_un_04d_2	38	76	0	0.0004	0.0
R_GR_un_04d_2	39	33	0	0.0002	0.0
R_GR_un_04d_2	40	21	0	0.0001	0.0
R_GR_un_04d_3	24	209436	710	1.0447	1.4745
R_GR_un_04d_3	25	376243	833	1.8767	1.7299
R_GR_un_04d_3	26	650769	2305	3.2461	4.7868
R_GR_un_04d_3	27	1315222	4452	6.5604	9.2455
R_GR_un_04d_3	28	2583735	6718	12.8878	13.9514
R_GR_un_04d_3	29	4738840	8410	23.6375	17.4652
R_GR_un_04d_3	30	5685333	13356	28.3586	27.7366
R_GR_un_04d_3	31	3362148	8319	16.7705	17.2762
R_GR_un_04d_3	32	850670	2479	4.2432	5.1482
R_GR_un_04d_3	33	223401	509	1.1143	1.057
R_GR_un_04d_3	34	45958	33	0.2292	0.0685
R_GR_un_04d_3	35	5648	14	0.0282	0.0291
R_GR_un_04d_3	36	478	15	0.0024	0.0312
R_GR_un_04d_3	37	70	0	0.0003	0.0
R_GR_un_04d_3	38	4	0	0.0	0.0
R_GR_un_04d_3	40	22	0	0.0001	0.0
R_GR_un_04d_3	42	3	0	0.0	0.0
R_GR_in_07d_1	24	806624	2336	4.3409	4.8224
R_GR_in_07d_1	25	958128	3330	5.1562	6.8743
R_GR_in_07d_1	26	1318526	4007	7.0958	8.2719
R_GR_in_07d_1	27	2231753	10102	12.0104	20.8542
R_GR_in_07d_1	28	3545096	7597	19.0782	15.683
R_GR_in_07d_1	29	4760544	9487	25.6192	19.5846
R_GR_in_07d_1	30	3388788	7631	18.237	15.7532
R_GR_in_07d_1	31	1189273	2952	6.4002	6.094
R_GR_in_07d_1	32	299102	756	1.6096	1.5607
R_GR_in_07d_1	33	73682	151	0.3965	0.3117
R_GR_in_07d_1	34	9709	91	0.0522	0.1879
R_GR_in_07d_1	35	559	1	0.003	0.0021
R_GR_in_07d_1	36	106	0	0.0006	0.0
R_GR_in_07d_1	37	14	0	0.0001	0.0
R_GR_in_07d_1	38	1	0	0.0	0.0
R_GR_in_07d_1	40	3	0	0.0	0.0
R_GR_in_07d_2	24	1575999	4312	7.1463	7.239
R_GR_in_07d_2	25	1714372	5930	7.7738	9.9553
R_GR_in_07d_2	26	2091900	7507	9.4856	12.6028
R_GR_in_07d_2	27	2813048	13554	12.7557	22.7546
R_GR_in_07d_2	28	3680644	7442	16.6898	12.4937
R_GR_in_07d_2	29	4741333	9272	21.4994	15.5659
R_GR_in_07d_2	30	3722234	7823	16.8783	13.1333
R_GR_in_07d_2	31	1378360	2807	6.2501	4.7124
R_GR_in_07d_2	32	277635	794	1.2589	1.333
R_GR_in_07d_2	33	50934	122	0.231	0.2048
R_GR_in_07d_2	34	6328	3	0.0287	0.005
R_GR_in_07d_2	35	472	0	0.0021	0.0
R_GR_in_07d_2	36	57	0	0.0003	0.0
R_GR_in_07d_2	37	2	0	0.0	0.0
R_GR_in_07d_3	24	1575999	4312	7.1463	7.239
R_GR_in_07d_3	25	1714372	5930	7.7738	9.9553
R_GR_in_07d_3	26	2091900	7507	9.4856	12.6028
R_GR_in_07d_3	27	2813048	13554	12.7557	22.7546
R_GR_in_07d_3	28	3680644	7442	16.6898	12.4937
R_GR_in_07d_3	29	4741333	9272	21.4994	15.5659
R_GR_in_07d_3	30	3722234	7823	16.8783	13.1333
R_GR_in_07d_3	31	1378360	2807	6.2501	4.7124
R_GR_in_07d_3	32	277635	794	1.2589	1.333
R_GR_in_07d_3	33	50934	122	0.231	0.2048
R_GR_in_07d_3	34	6328	3	0.0287	0.005
R_GR_in_07d_3	35	472	0	0.0021	0.0
R_GR_in_07d_3	36	57	0	0.0003	0.0
R_GR_in_07d_3	37	2	0	0.0	0.0
R_GR_un_07d_1	24	613030	1425	2.718	3.184
R_GR_un_07d_1	25	735022	1804	3.2589	4.0308
R_GR_un_07d_1	26	955005	2312	4.2342	5.1659
R_GR_un_07d_1	27	1453324	4736	6.4436	10.5821
R_GR_un_07d_1	28	2414110	4474	10.7035	9.9966
R_GR_un_07d_1	29	4035350	6998	17.8916	15.6362
R_GR_un_07d_1	30	5412238	9463	23.9963	21.144
R_GR_un_07d_1	31	4430094	8298	19.6418	18.5409
R_GR_un_07d_1	32	1995764	4000	8.8487	8.9375
R_GR_un_07d_1	33	453455	1064	2.0105	2.3774
R_GR_un_07d_1	34	51814	163	0.2297	0.3642
R_GR_un_07d_1	35	4421	10	0.0196	0.0223
R_GR_un_07d_1	36	635	3	0.0028	0.0067
R_GR_un_07d_1	37	113	0	0.0005	0.0
R_GR_un_07d_1	38	29	5	0.0001	0.0112
R_GR_un_07d_1	39	25	0	0.0001	0.0
R_GR_un_07d_1	40	5	0	0.0	0.0
R_GR_un_07d_2	24	816916	2237	3.805	4.2983
R_GR_un_07d_2	25	922368	2742	4.2961	5.2686
R_GR_un_07d_2	26	1213503	3630	5.6522	6.9749
R_GR_un_07d_2	27	1863923	8765	8.6817	16.8415
R_GR_un_07d_2	28	2796879	6497	13.0271	12.4837
R_GR_un_07d_2	29	4281453	8615	19.9419	16.5533
R_GR_un_07d_2	30	5174744	9759	24.1026	18.7514
R_GR_un_07d_2	31	3226017	7104	15.0259	13.65
R_GR_un_07d_2	32	988755	2251	4.6054	4.3252
R_GR_un_07d_2	33	159628	323	0.7435	0.6206
R_GR_un_07d_2	34	22734	105	0.1059	0.2018
R_GR_un_07d_2	35	2296	10	0.0107	0.0192
R_GR_un_07d_2	36	297	1	0.0014	0.0019
R_GR_un_07d_2	37	99	0	0.0005	0.0
R_GR_un_07d_2	38	32	2	0.0001	0.0038
R_GR_un_07d_2	39	6	0	0.0	0.0
R_GR_un_07d_2	40	5	3	0.0	0.0058
R_GR_un_07d_3	24	670335	1872	3.1666	3.8912
R_GR_un_07d_3	25	821053	2449	3.8786	5.0906
R_GR_un_07d_3	26	1190958	3139	5.626	6.5249
R_GR_un_07d_3	27	1936208	7148	9.1465	14.8582
R_GR_un_07d_3	28	3083884	6669	14.5681	13.8626
R_GR_un_07d_3	29	4693839	8822	22.1734	18.3379
R_GR_un_07d_3	30	5155516	9794	24.3543	20.3584
R_GR_un_07d_3	31	2801107	6116	13.2322	12.7131
R_GR_un_07d_3	32	692952	1756	3.2735	3.6501
R_GR_un_07d_3	33	107004	264	0.5055	0.5488
R_GR_un_07d_3	34	14327	68	0.0677	0.1413
R_GR_un_07d_3	35	1410	3	0.0067	0.0062
R_GR_un_07d_3	36	162	1	0.0008	0.0021
R_GR_un_07d_3	37	45	4	0.0002	0.0083
R_GR_un_07d_3	38	13	0	0.0001	0.0
R_GR_un_07d_3	39	3	0	0.0	0.0
R_GR_un_07d_3	40	0	2	0.0	0.0042
R_GR_un_07d_3	42	0	1	0.0	0.0021
R_GR_in_10d_1	24	220979	160	0.726	0.23
R_GR_in_10d_1	25	376654	1029	1.2374	1.4789
R_GR_in_10d_1	26	514232	1798	1.6894	2.5842
R_GR_in_10d_1	27	917426	3279	3.0141	4.7128
R_GR_in_10d_1	28	1670834	4948	5.4893	7.1115
R_GR_in_10d_1	29	2849191	8591	9.3606	12.3475
R_GR_in_10d_1	30	4923963	10627	16.1769	15.2737
R_GR_in_10d_1	31	7333753	14437	24.0939	20.7497
R_GR_in_10d_1	32	7079147	15460	23.2574	22.22
R_GR_in_10d_1	33	3518571	7686	11.5597	11.0468
R_GR_in_10d_1	34	802840	1025	2.6376	1.4732
R_GR_in_10d_1	35	182303	345	0.5989	0.4959
R_GR_in_10d_1	36	42934	192	0.1411	0.276
R_GR_in_10d_1	37	4979	0	0.0164	0.0
R_GR_in_10d_1	38	311	0	0.001	0.0
R_GR_in_10d_1	40	4	0	0.0	0.0
R_GR_in_10d_1	42	80	0	0.0003	0.0
R_GR_in_10d_2	24	55886	296	0.3187	0.6834
R_GR_in_10d_2	25	85078	282	0.4851	0.651
R_GR_in_10d_2	26	164730	964	0.9393	2.2256
R_GR_in_10d_2	27	349874	1260	1.995	2.9089
R_GR_in_10d_2	28	783352	2015	4.4668	4.652
R_GR_in_10d_2	29	1432798	5398	8.17	12.4622
R_GR_in_10d_2	30	2541815	6660	14.4938	15.3757
R_GR_in_10d_2	31	4003606	10040	22.8292	23.179
R_GR_in_10d_2	32	4432164	10463	25.2729	24.1556
R_GR_in_10d_2	33	2610578	4583	14.8859	10.5806
R_GR_in_10d_2	34	756031	1041	4.311	2.4033
R_GR_in_10d_2	35	249455	234	1.4224	0.5402
R_GR_in_10d_2	36	60077	55	0.3426	0.127
R_GR_in_10d_2	37	9396	24	0.0536	0.0554
R_GR_in_10d_2	38	2216	0	0.0126	0.0
R_GR_in_10d_2	39	147	0	0.0008	0.0
R_GR_in_10d_2	40	20	0	0.0001	0.0
R_GR_in_10d_3	24	100482	172	0.3924	0.288
R_GR_in_10d_3	25	186389	438	0.7279	0.7335
R_GR_in_10d_3	26	349299	890	1.3641	1.4904
R_GR_in_10d_3	27	664957	2637	2.5968	4.416
R_GR_in_10d_3	28	1248983	4518	4.8775	7.5659
R_GR_in_10d_3	29	2115604	6370	8.2618	10.6673
R_GR_in_10d_3	30	3544549	9011	13.8421	15.09
R_GR_in_10d_3	31	5357095	13958	20.9205	23.3744
R_GR_in_10d_3	32	5799923	12193	22.6498	20.4187
R_GR_in_10d_3	33	4021868	6574	15.7062	11.009
R_GR_in_10d_3	34	1453869	1936	5.6776	3.2421
R_GR_in_10d_3	35	553506	694	2.1615	1.1622
R_GR_in_10d_3	36	167731	225	0.655	0.3768
R_GR_in_10d_3	37	35444	86	0.1384	0.144
R_GR_in_10d_3	38	6335	13	0.0247	0.0218
R_GR_in_10d_3	39	654	0	0.0026	0.0
R_GR_in_10d_3	40	175	0	0.0007	0.0
R_GR_in_10d_3	41	86	0	0.0003	0.0
R_GR_un_10d_1	24	186255	675	0.8895	1.4067
R_GR_un_10d_1	25	322735	1418	1.5413	2.9551
R_GR_un_10d_1	26	618118	3394	2.9519	7.073
R_GR_un_10d_1	27	1184446	9754	5.6565	20.3272
R_GR_un_10d_1	28	1993913	5538	9.5222	11.5411
R_GR_un_10d_1	29	3639517	6794	17.3809	14.1586
R_GR_un_10d_1	30	5674632	8508	27.0999	17.7305
R_GR_un_10d_1	31	4930996	7737	23.5485	16.1238
R_GR_un_10d_1	32	1851664	3324	8.8428	6.9272
R_GR_un_10d_1	33	423511	657	2.0225	1.3692
R_GR_un_10d_1	34	96418	141	0.4605	0.2938
R_GR_un_10d_1	35	15100	31	0.0721	0.0646
R_GR_un_10d_1	36	1934	4	0.0092	0.0083
R_GR_un_10d_1	37	312	5	0.0015	0.0104
R_GR_un_10d_1	38	85	0	0.0004	0.0
R_GR_un_10d_1	39	39	0	0.0002	0.0
R_GR_un_10d_1	40	11	0	0.0001	0.0
R_GR_un_10d_1	41	2	0	0.0	0.0
R_GR_un_10d_1	42	19	4	0.0001	0.0083
R_GR_un_10d_1	43	0	1	0.0	0.0021
R_GR_un_10d_2	24	349284	1831	1.443	2.7113
R_GR_un_10d_2	25	474480	3120	1.9602	4.62
R_GR_un_10d_2	26	756991	5521	3.1273	8.1754
R_GR_un_10d_2	27	1381439	15000	5.707	22.2117
R_GR_un_10d_2	28	2265920	7818	9.3609	11.5767
R_GR_un_10d_2	29	4031889	8924	16.6564	13.2145
R_GR_un_10d_2	30	6462949	10495	26.6996	15.5408
R_GR_un_10d_2	31	5783986	9897	23.8946	14.6553
R_GR_un_10d_2	32	2140518	3916	8.8429	5.7987
R_GR_un_10d_2	33	442412	725	1.8277	1.0736
R_GR_un_10d_2	34	97218	238	0.4016	0.3524
R_GR_un_10d_2	35	16251	29	0.0671	0.0429
R_GR_un_10d_2	36	2316	13	0.0096	0.0193
R_GR_un_10d_2	37	387	2	0.0016	0.003
R_GR_un_10d_2	38	100	3	0.0004	0.0044
R_GR_un_10d_2	39	33	0	0.0001	0.0
R_GR_un_10d_2	40	18	0	0.0001	0.0
R_GR_un_10d_2	41	5	0	0.0	0.0
R_GR_un_10d_2	42	1	0	0.0	0.0
R_GR_un_10d_3	24	107655	633	0.6631	1.226
R_GR_un_10d_3	25	219555	1770	1.3524	3.4282
R_GR_un_10d_3	26	434778	3797	2.6781	7.3543
R_GR_un_10d_3	27	897394	13839	5.5277	26.8042
R_GR_un_10d_3	28	1418692	6078	8.7387	11.7722
R_GR_un_10d_3	29	2481727	6503	15.2866	12.5954
R_GR_un_10d_3	30	4058142	7092	24.9969	13.7362
R_GR_un_10d_3	31	4001941	7213	24.6507	13.9706
R_GR_un_10d_3	32	1930383	3501	11.8905	6.7809
R_GR_un_10d_3	33	510145	871	3.1423	1.687
R_GR_un_10d_3	34	141122	225	0.8693	0.4358
R_GR_un_10d_3	35	28380	103	0.1748	0.1995
R_GR_un_10d_3	36	3998	4	0.0246	0.0077
R_GR_un_10d_3	37	514	0	0.0032	0.0
R_GR_un_10d_3	38	110	0	0.0007	0.0
R_GR_un_10d_3	39	48	0	0.0003	0.0
R_GR_un_10d_3	40	19	0	0.0001	0.0
R_GR_un_10d_3	41	1	0	0.0	0.0
R_GR_un_10d_3	42	6	0	0.0	0.0
R_GR_un_10d_3	43	0	1	0.0	0.0019
R_GR_in_15d_1	20	54601	86	0.1763	0.2316
R_GR_in_15d_1	21	143671	220	0.4639	0.5924
R_GR_in_15d_1	22	242428	304	0.7827	0.8185
R_GR_in_15d_1	23	383963	519	1.2397	1.3975
R_GR_in_15d_1	24	526158	598	1.6988	1.6102
R_GR_in_15d_1	25	697039	969	2.2505	2.6091
R_GR_in_15d_1	26	1028789	1292	3.3216	3.4788
R_GR_in_15d_1	27	1659223	2262	5.357	6.0906
R_GR_in_15d_1	28	2975898	3578	9.608	9.6341
R_GR_in_15d_1	29	5444226	6209	17.5773	16.7183
R_GR_in_15d_1	30	7808924	8736	25.212	23.5224
R_GR_in_15d_1	31	6785065	8187	21.9063	22.0442
R_GR_in_15d_1	32	2812362	3509	9.08	9.4483
R_GR_in_15d_1	33	381676	597	1.2323	1.6075
R_GR_in_15d_1	34	25471	55	0.0822	0.1481
R_GR_in_15d_1	35	3010	16	0.0097	0.0431
R_GR_in_15d_1	36	391	0	0.0013	0.0
R_GR_in_15d_1	37	145	2	0.0005	0.0054
R_GR_in_15d_1	38	41	0	0.0001	0.0
R_GR_in_15d_1	39	10	0	0.0	0.0
R_GR_in_15d_1	40	5	0	0.0	0.0
R_GR_in_15d_2	20	102269	188	0.3349	0.4885
R_GR_in_15d_2	21	257607	452	0.8437	1.1745
R_GR_in_15d_2	22	343469	583	1.1249	1.515
R_GR_in_15d_2	23	479016	729	1.5688	1.8943
R_GR_in_15d_2	24	614386	913	2.0122	2.3725
R_GR_in_15d_2	25	769629	1017	2.5206	2.6427
R_GR_in_15d_2	26	1070287	1640	3.5053	4.2616
R_GR_in_15d_2	27	1656992	2463	5.4268	6.4002
R_GR_in_15d_2	28	2756836	3367	9.0289	8.7493
R_GR_in_15d_2	29	4950776	5638	16.2143	14.6506
R_GR_in_15d_2	30	7376319	8452	24.1582	21.9629
R_GR_in_15d_2	31	6743940	8561	22.0871	22.2462
R_GR_in_15d_2	32	2969891	3700	9.7267	9.6146
R_GR_in_15d_2	33	415004	680	1.3592	1.767
R_GR_in_15d_2	34	23964	67	0.0785	0.1741
R_GR_in_15d_2	35	2295	10	0.0075	0.026
R_GR_in_15d_2	36	588	8	0.0019	0.0208
R_GR_in_15d_2	37	94	6	0.0003	0.0156
R_GR_in_15d_2	38	8	0	0.0	0.0
R_GR_in_15d_2	39	17	0	0.0001	0.0
R_GR_in_15d_2	40	2	8	0.0	0.0208
R_GR_in_15d_2	41	1	0	0.0	0.0
R_GR_in_15d_2	42	0	1	0.0	0.0026
R_GR_in_15d_3	20	9421	11	0.3835	0.3758
R_GR_in_15d_3	21	18755	42	0.7635	1.4349
R_GR_in_15d_3	22	23489	42	0.9563	1.4349
R_GR_in_15d_3	23	28734	56	1.1698	1.9132
R_GR_in_15d_3	24	37268	84	1.5172	2.8698
R_GR_in_15d_3	25	49337	65	2.0086	2.2207
R_GR_in_15d_3	26	76083	136	3.0974	4.6464
R_GR_in_15d_3	27	126092	143	5.1334	4.8855
R_GR_in_15d_3	28	240223	253	9.7798	8.6437
R_GR_in_15d_3	29	450717	497	18.3493	16.9798
R_GR_in_15d_3	30	628150	709	25.5728	24.2228
R_GR_in_15d_3	31	525971	571	21.413	19.508
R_GR_in_15d_3	32	212518	269	8.6519	9.1903
R_GR_in_15d_3	33	27723	46	1.1286	1.5716
R_GR_in_15d_3	34	1631	3	0.0664	0.1025
R_GR_in_15d_3	35	143	0	0.0058	0.0
R_GR_in_15d_3	36	47	0	0.0019	0.0
R_GR_in_15d_3	37	12	0	0.0005	0.0
R_GR_in_15d_3	38	1	0	0.0	0.0
R_GR_in_15d_3	41	1	0	0.0	0.0
R_GR_un_15d_1	20	88227	174	0.3503	0.4164
R_GR_un_15d_1	21	195814	563	0.7775	1.3474
R_GR_un_15d_1	22	293852	751	1.1668	1.7973
R_GR_un_15d_1	23	462557	807	1.8367	1.9314
R_GR_un_15d_1	24	652454	1234	2.5907	2.9533
R_GR_un_15d_1	25	864630	1390	3.4332	3.3266
R_GR_un_15d_1	26	1145861	2112	4.55	5.0546
R_GR_un_15d_1	27	1625204	3700	6.4533	8.8551
R_GR_un_15d_1	28	2532481	3984	10.0559	9.5348
R_GR_un_15d_1	29	4144304	6318	16.4561	15.1206
R_GR_un_15d_1	30	5576162	8247	22.1417	19.7372
R_GR_un_15d_1	31	4859096	7415	19.2944	17.746
R_GR_un_15d_1	32	2304285	4008	9.1498	9.5922
R_GR_un_15d_1	33	414354	951	1.6453	2.276
R_GR_un_15d_1	34	23427	116	0.093	0.2776
R_GR_un_15d_1	35	1093	10	0.0043	0.0239
R_GR_un_15d_1	36	144	4	0.0006	0.0096
R_GR_un_15d_1	37	59	0	0.0002	0.0
R_GR_un_15d_1	38	17	0	0.0001	0.0
R_GR_un_15d_2	20	60685	151	0.2323	0.35
R_GR_un_15d_2	21	155716	393	0.5962	0.911
R_GR_un_15d_2	22	249942	630	0.957	1.4604
R_GR_un_15d_2	23	388836	854	1.4887	1.9796
R_GR_un_15d_2	24	552764	910	2.1164	2.1094
R_GR_un_15d_2	25	755585	1395	2.8929	3.2337
R_GR_un_15d_2	26	1110508	1785	4.2518	4.1377
R_GR_un_15d_2	27	1752827	3304	6.7111	7.6588
R_GR_un_15d_2	28	2997396	5051	11.4762	11.7084
R_GR_un_15d_2	29	4911057	7639	18.8031	17.7075
R_GR_un_15d_2	30	6054391	9689	23.1807	22.4594
R_GR_un_15d_2	31	4730266	7404	18.1109	17.1627
R_GR_un_15d_2	32	2046270	3223	7.8346	7.471
R_GR_un_15d_2	33	333412	625	1.2765	1.4488
R_GR_un_15d_2	34	17316	78	0.0663	0.1808
R_GR_un_15d_2	35	1109	7	0.0042	0.0162
R_GR_un_15d_2	36	156	2	0.0006	0.0046
R_GR_un_15d_2	37	42	0	0.0002	0.0
R_GR_un_15d_2	38	10	0	0.0	0.0
R_GR_un_15d_2	39	1	0	0.0	0.0
R_GR_un_15d_2	40	3	0	0.0	0.0
R_GR_un_15d_2	41	1	0	0.0	0.0
R_GR_un_15d_3	20	93075	196	0.5012	0.6497
R_GR_un_15d_3	21	192533	472	1.0368	1.5645
R_GR_un_15d_3	22	249090	516	1.3414	1.7104
R_GR_un_15d_3	23	324559	459	1.7478	1.5214
R_GR_un_15d_3	24	415724	616	2.2388	2.0418
R_GR_un_15d_3	25	523964	860	2.8217	2.8506
R_GR_un_15d_3	26	741414	1227	3.9927	4.0671
R_GR_un_15d_3	27	1116574	2442	6.013	8.0944
R_GR_un_15d_3	28	1920677	3141	10.3433	10.4113
R_GR_un_15d_3	29	3291767	4532	17.7269	15.022
R_GR_un_15d_3	30	4375005	6936	23.5604	22.9905
R_GR_un_15d_3	31	3586869	5790	19.3161	19.1919
R_GR_un_15d_3	32	1511471	2438	8.1396	8.0811
R_GR_un_15d_3	33	213647	511	1.1505	1.6938
R_GR_un_15d_3	34	11771	31	0.0634	0.1028
R_GR_un_15d_3	35	904	2	0.0049	0.0066
R_GR_un_15d_3	36	203	0	0.0011	0.0
R_GR_un_15d_3	37	35	0	0.0002	0.0
R_GR_un_15d_3	38	11	0	0.0001	0.0
R_GR_un_15d_3	39	5	0	0.0	0.0
R_GR_in_20d_1	24	518958	353	1.2237	1.0426
R_GR_in_20d_1	25	874271	822	2.0616	2.4278
R_GR_in_20d_1	26	1272810	962	3.0014	2.8413
R_GR_in_20d_1	27	1894578	1671	4.4676	4.9353
R_GR_in_20d_1	28	3044307	2517	7.1787	7.434
R_GR_in_20d_1	29	6052621	4925	14.2725	14.546
R_GR_in_20d_1	30	11209338	8828	26.4325	26.0736
R_GR_in_20d_1	31	11260796	8748	26.5538	25.8373
R_GR_in_20d_1	32	5270976	3953	12.4294	11.6752
R_GR_in_20d_1	33	901713	936	2.1263	2.7645
R_GR_in_20d_1	34	96097	140	0.2266	0.4135
R_GR_in_20d_1	35	8706	3	0.0205	0.0089
R_GR_in_20d_1	36	1997	0	0.0047	0.0
R_GR_in_20d_1	37	131	0	0.0003	0.0
R_GR_in_20d_1	38	39	0	0.0001	0.0
R_GR_in_20d_1	39	43	0	0.0001	0.0
R_GR_in_20d_1	40	30	0	0.0001	0.0
R_GR_in_20d_1	41	8	0	0.0	0.0
R_GR_in_20d_1	42	10	0	0.0	0.0
R_GR_in_20d_2	24	356884	341	0.9714	1.1173
R_GR_in_20d_2	25	557973	360	1.5188	1.1795
R_GR_in_20d_2	26	810165	774	2.2052	2.536
R_GR_in_20d_2	27	1291053	1321	3.5142	4.3282
R_GR_in_20d_2	28	2250854	2529	6.1267	8.2861
R_GR_in_20d_2	29	4706664	3723	12.8113	12.1982
R_GR_in_20d_2	30	9159350	7399	24.9313	24.2423
R_GR_in_20d_2	31	10400130	8036	28.3086	26.3294
R_GR_in_20d_2	32	5897102	4654	16.0516	15.2485
R_GR_in_20d_2	33	1176627	1184	3.2027	3.8793
R_GR_in_20d_2	34	118808	183	0.3234	0.5996
R_GR_in_20d_2	35	11575	17	0.0315	0.0557
R_GR_in_20d_2	36	773	0	0.0021	0.0
R_GR_in_20d_2	37	180	0	0.0005	0.0
R_GR_in_20d_2	38	125	0	0.0003	0.0
R_GR_in_20d_2	39	50	0	0.0001	0.0
R_GR_in_20d_2	40	38	0	0.0001	0.0
R_GR_in_20d_2	41	21	0	0.0001	0.0
R_GR_in_20d_2	42	3	0	0.0	0.0
R_GR_in_20d_2	43	6	0	0.0	0.0
R_GR_in_20d_3	24	358524	368	1.1532	1.4207
R_GR_in_20d_3	25	518509	441	1.6678	1.7025
R_GR_in_20d_3	26	769282	745	2.4744	2.8761
R_GR_in_20d_3	27	1226546	1363	3.9451	5.2619
R_GR_in_20d_3	28	2171877	1949	6.9857	7.5242
R_GR_in_20d_3	29	4494782	3622	14.4572	13.9829
R_GR_in_20d_3	30	8193718	6249	26.3547	24.1246
R_GR_in_20d_3	31	8348920	6966	26.8539	26.8926
R_GR_in_20d_3	32	4115696	3408	13.2379	13.1568
R_GR_in_20d_3	33	782213	680	2.5159	2.6252
R_GR_in_20d_3	34	97812	90	0.3146	0.3475
R_GR_in_20d_3	35	10908	14	0.0351	0.054
R_GR_in_20d_3	36	1050	4	0.0034	0.0154
R_GR_in_20d_3	37	170	2	0.0005	0.0077
R_GR_in_20d_3	38	77	0	0.0002	0.0
R_GR_in_20d_3	39	43	0	0.0001	0.0
R_GR_in_20d_3	40	19	0	0.0001	0.0
R_GR_in_20d_3	41	17	1	0.0001	0.0039
R_GR_in_20d_3	42	7	1	0.0	0.0039
R_GR_in_20d_3	43	4	0	0.0	0.0
R_GR_un_20d_1	24	667930	1343	2.328	3.0968
R_GR_un_20d_1	25	1064638	1692	3.7107	3.9016
R_GR_un_20d_1	26	1576464	2515	5.4947	5.7993
R_GR_un_20d_1	27	2635489	5292	9.1858	12.2028
R_GR_un_20d_1	28	4567573	6566	15.9199	15.1405
R_GR_un_20d_1	29	6905704	9562	24.0693	22.049
R_GR_un_20d_1	30	6813462	9177	23.7478	21.1613
R_GR_un_20d_1	31	3628596	5404	12.6472	12.4611
R_GR_un_20d_1	32	766167	1394	2.6704	3.2144
R_GR_un_20d_1	33	61220	401	0.2134	0.9247
R_GR_un_20d_1	34	2941	21	0.0103	0.0484
R_GR_un_20d_1	35	482	0	0.0017	0.0
R_GR_un_20d_1	36	191	0	0.0007	0.0
R_GR_un_20d_1	37	19	0	0.0001	0.0
R_GR_un_20d_1	38	2	0	0.0	0.0
R_GR_un_20d_2	24	422166	718	1.0934	0.8471
R_GR_un_20d_2	25	806738	942	2.0894	1.1113
R_GR_un_20d_2	26	1346085	5915	3.4862	6.9782
R_GR_un_20d_2	27	2591651	17980	6.7121	21.2118
R_GR_un_20d_2	28	4732880	10049	12.2576	11.8553
R_GR_un_20d_2	29	8162124	11873	21.139	14.0071
R_GR_un_20d_2	30	10779813	16736	27.9185	19.7442
R_GR_un_20d_2	31	7522642	12647	19.4828	14.9202
R_GR_un_20d_2	32	2025698	7860	5.2463	9.2728
R_GR_un_20d_2	33	204903	44	0.5307	0.0519
R_GR_un_20d_2	34	16860	0	0.0437	0.0
R_GR_un_20d_2	35	122	0	0.0003	0.0
R_GR_un_20d_3	24	2541606	4105	8.3204	7.2424
R_GR_un_20d_3	25	2880951	5280	9.4313	9.3155
R_GR_un_20d_3	26	3094539	5274	10.1305	9.3049
R_GR_un_20d_3	27	3389727	12204	11.0969	21.5314
R_GR_un_20d_3	28	3846481	5587	12.5921	9.8571
R_GR_un_20d_3	29	5135393	4927	16.8116	8.6927
R_GR_un_20d_3	30	5514670	12651	18.0533	22.32
R_GR_un_20d_3	31	3178448	4897	10.4052	8.6397
R_GR_un_20d_3	32	874611	1740	2.8632	3.0699
R_GR_un_20d_3	33	80654	15	0.264	0.0265
R_GR_un_20d_3	34	8427	0	0.0276	0.0
R_GR_un_20d_3	35	1008	0	0.0033	0.0
R_GR_un_20d_3	36	170	0	0.0006	0.0
R_GR_un_20d_3	39	1	0	0.0	0.0
R_GR_in_25d_1	20	126212	197	0.4978	0.728
R_GR_in_25d_1	21	246139	415	0.9709	1.5335
R_GR_in_25d_1	22	275436	472	1.0864	1.7441
R_GR_in_25d_1	23	318503	400	1.2563	1.4781
R_GR_in_25d_1	24	475406	612	1.8752	2.2615
R_GR_in_25d_1	25	631352	740	2.4903	2.7345
R_GR_in_25d_1	26	1011958	1119	3.9916	4.1349
R_GR_in_25d_1	27	1882304	2263	7.4246	8.3623
R_GR_in_25d_1	28	3710669	3861	14.6364	14.2672
R_GR_in_25d_1	29	6311887	6244	24.8967	23.0729
R_GR_in_25d_1	30	6418017	6415	25.3154	23.7048
R_GR_in_25d_1	31	3207485	3504	12.6517	12.948
R_GR_in_25d_1	32	647371	703	2.5535	2.5977
R_GR_in_25d_1	33	80663	103	0.3182	0.3806
R_GR_in_25d_1	34	7871	13	0.031	0.048
R_GR_in_25d_1	35	796	1	0.0031	0.0037
R_GR_in_25d_1	36	147	0	0.0006	0.0
R_GR_in_25d_1	37	33	0	0.0001	0.0
R_GR_in_25d_1	38	6	0	0.0	0.0
R_GR_in_25d_2	20	77917	112	0.2795	0.3796
R_GR_in_25d_2	21	184269	281	0.6609	0.9523
R_GR_in_25d_2	22	258559	381	0.9274	1.2912
R_GR_in_25d_2	23	329653	440	1.1824	1.4911
R_GR_in_25d_2	24	531665	688	1.9069	2.3316
R_GR_in_25d_2	25	693194	865	2.4863	2.9314
R_GR_in_25d_2	26	1097296	1312	3.9357	4.4463
R_GR_in_25d_2	27	1967420	2445	7.0565	8.2859
R_GR_in_25d_2	28	3784937	3740	13.5754	12.6745
R_GR_in_25d_2	29	6560410	6518	23.5302	22.0889
R_GR_in_25d_2	30	7207607	7053	25.8515	23.902
R_GR_in_25d_2	31	4028515	4347	14.4491	14.7316
R_GR_in_25d_2	32	999461	1123	3.5848	3.8057
R_GR_in_25d_2	33	144102	176	0.5168	0.5964
R_GR_in_25d_2	34	14041	18	0.0504	0.061
R_GR_in_25d_2	35	1502	1	0.0054	0.0034
R_GR_in_25d_2	36	193	1	0.0007	0.0034
R_GR_in_25d_2	37	57	2	0.0002	0.0068
R_GR_in_25d_2	38	18	0	0.0001	0.0
R_GR_in_25d_2	39	1	1	0.0	0.0034
R_GR_in_25d_2	41	0	4	0.0	0.0136
R_GR_in_25d_3	20	214843	427	0.8	1.4614
R_GR_in_25d_3	21	482711	863	1.7976	2.9536
R_GR_in_25d_3	22	547698	789	2.0396	2.7003
R_GR_in_25d_3	23	611457	765	2.277	2.6182
R_GR_in_25d_3	24	816373	1068	3.0401	3.6552
R_GR_in_25d_3	25	953801	1121	3.5518	3.8365
R_GR_in_25d_3	26	1330960	1464	4.9563	5.0104
R_GR_in_25d_3	27	2100313	2210	7.8213	7.5636
R_GR_in_25d_3	28	3710080	3891	13.8159	13.3167
R_GR_in_25d_3	29	6124471	5834	22.8067	19.9665
R_GR_in_25d_3	30	6256771	6677	23.2994	22.8516
R_GR_in_25d_3	31	3008912	3394	11.2048	11.6157
R_GR_in_25d_3	32	600931	637	2.2378	2.1801
R_GR_in_25d_3	33	85085	74	0.3168	0.2533
R_GR_in_25d_3	34	8441	1	0.0314	0.0034
R_GR_in_25d_3	35	773	3	0.0029	0.0103
R_GR_in_25d_3	36	98	1	0.0004	0.0034
R_GR_in_25d_3	37	51	0	0.0002	0.0
R_GR_in_25d_3	40	5	0	0.0	0.0
R_GR_un_25d_1	20	26846	6	0.1314	0.0167
R_GR_un_25d_1	21	53952	106	0.264	0.2953
R_GR_un_25d_1	22	90333	240	0.4421	0.6686
R_GR_un_25d_1	23	145280	222	0.711	0.6185
R_GR_un_25d_1	24	263375	568	1.289	1.5824
R_GR_un_25d_1	25	420439	623	2.0577	1.7356
R_GR_un_25d_1	26	762613	1197	3.7323	3.3347
R_GR_un_25d_1	27	1613648	2554	7.8974	7.1152
R_GR_un_25d_1	28	3414886	5641	16.7129	15.7153
R_GR_un_25d_1	29	5438342	8412	26.616	23.435
R_GR_un_25d_1	30	5217574	9185	25.5356	25.5885
R_GR_un_25d_1	31	2473756	5639	12.1069	15.7097
R_GR_un_25d_1	32	455572	1207	2.2296	3.3626
R_GR_un_25d_1	33	48423	211	0.237	0.5878
R_GR_un_25d_1	34	5921	37	0.029	0.1031
R_GR_un_25d_1	35	1028	0	0.005	0.0
R_GR_un_25d_1	36	384	19	0.0019	0.0529
R_GR_un_25d_1	37	127	28	0.0006	0.078
R_GR_un_25d_1	38	33	0	0.0002	0.0
R_GR_un_25d_1	39	23	0	0.0001	0.0
R_GR_un_25d_1	40	28	0	0.0001	0.0
R_GR_un_25d_1	42	2	0	0.0	0.0
R_GR_un_25d_2	20	83660	194	0.3836	0.4805
R_GR_un_25d_2	21	182649	577	0.8375	1.4291
R_GR_un_25d_2	22	267632	739	1.2271	1.8304
R_GR_un_25d_2	23	333265	827	1.5281	2.0483
R_GR_un_25d_2	24	494157	1103	2.2658	2.732
R_GR_un_25d_2	25	650362	1197	2.982	2.9648
R_GR_un_25d_2	26	1031874	2075	4.7314	5.1394
R_GR_un_25d_2	27	1931984	3671	8.8585	9.0925
R_GR_un_25d_2	28	3777123	6266	17.3189	15.5199
R_GR_un_25d_2	29	5585710	9346	25.6116	23.1486
R_GR_un_25d_2	30	4914548	8758	22.5342	21.6922
R_GR_un_25d_2	31	2155704	4560	9.8843	11.2944
R_GR_un_25d_2	32	357397	840	1.6387	2.0805
R_GR_un_25d_2	33	37245	146	0.1708	0.3616
R_GR_un_25d_2	34	4627	72	0.0212	0.1783
R_GR_un_25d_2	35	934	0	0.0043	0.0
R_GR_un_25d_2	36	243	3	0.0011	0.0074
R_GR_un_25d_2	37	46	0	0.0002	0.0
R_GR_un_25d_2	38	97	0	0.0004	0.0
R_GR_un_25d_2	39	6	0	0.0	0.0
R_GR_un_25d_2	40	5	0	0.0	0.0
R_GR_un_25d_3	20	32074	59	0.1729	0.1718
R_GR_un_25d_3	21	68755	173	0.3705	0.5038
R_GR_un_25d_3	22	118224	219	0.6371	0.6377
R_GR_un_25d_3	23	181917	473	0.9804	1.3773
R_GR_un_25d_3	24	314163	774	1.6931	2.2538
R_GR_un_25d_3	25	460674	818	2.4826	2.3819
R_GR_un_25d_3	26	762117	1315	4.1072	3.8291
R_GR_un_25d_3	27	1483481	2866	7.9947	8.3455
R_GR_un_25d_3	28	3032971	5202	16.3451	15.1476
R_GR_un_25d_3	29	4902220	8557	26.4188	24.917
R_GR_un_25d_3	30	4651804	8276	25.0693	24.0988
R_GR_un_25d_3	31	2139200	4550	11.5285	13.2491
R_GR_un_25d_3	32	362839	830	1.9554	2.4169
R_GR_un_25d_3	33	40123	193	0.2162	0.562
R_GR_un_25d_3	34	4363	37	0.0235	0.1077
R_GR_un_25d_3	35	641	0	0.0035	0.0
R_GR_un_25d_3	36	194	0	0.001	0.0
R_GR_un_25d_3	37	29	0	0.0002	0.0
R_GR_un_25d_3	38	7	0	0.0	0.0
R_GR_un_25d_3	39	4	0	0.0	0.0
R_GR_un_25d_3	40	2	0	0.0	0.0
