	A	C	G	T
0	5253398	3610005	4186240	5036403
1	5423304	3894312	3716453	5051977
2	5151393	4075954	3186507	5672192
3	5389509	3558457	4017510	5120570
4	5737951	3861355	3568108	4918632
5	4869945	3983437	4062755	5169909
6	4803384	3008709	5324276	4949677
7	5362159	3722849	4190542	4810496
8	3864949	4524828	3023966	6672303
9	4760839	3506379	4545522	5273306
10	6547204	4350519	2822918	4365405
11	5697769	4268853	2953260	5166164
12	5512275	3596698	4336886	4640187
13	5666066	3603099	4107321	4709560
14	5277246	3958936	3575972	5273892
15	5288318	3430801	4389215	4977712
