	A	C	G	T
0	4211703	2581008	3100160	3512925
1	4260343	2687282	2785581	3672590
2	4136554	2721851	2786390	3761001
3	4079202	2546353	3181101	3599140
4	4336195	3003382	2587317	3478902
5	4613409	3118022	1605146	4069219
6	3445519	3181423	2298127	4480727
7	4268112	2455025	3128082	3554577
8	4158788	1843077	3333277	4070654
9	3522815	3569679	3694150	2619152
10	3758624	2952049	2775506	3919617
11	3580754	3208522	2687745	3928775
12	3963303	2672559	2864040	3905894
13	3848042	3019927	2830771	3707056
14	3784013	3087900	2772876	3761007
15	4041675	2907676	2914240	3542205
