	A	C	G	T
0	3978614	2995402	2908643	3952038
1	4113053	2884994	3056413	3780237
2	4077627	3084929	2507056	4165085
3	4020883	2919455	2790488	4103871
4	4271380	2797360	3047544	3718413
5	3881783	3038941	3216917	3697056
6	3649111	2589490	3695370	3900726
7	4069071	2689606	3373130	3702890
8	3042027	3546538	2417025	4829107
9	3664310	2990239	3027359	4152789
10	4983992	3293710	2276198	3280797
11	4566315	3152270	2317538	3798574
12	4151251	2964812	3043514	3675120
13	4256044	2669709	3350655	3558289
14	4181987	2959005	2814945	3878760
15	3984260	2819879	3072267	3958291
