	A	C	G	T
0	4449804	2680570	3123158	3579987
1	4403756	2891388	2700584	3837791
2	4321312	2763250	2971942	3777015
3	4312320	2675412	3211697	3634090
4	4415826	3384351	2469845	3563497
5	5086697	3067518	1642596	4036708
6	3865960	3101126	2332771	4533662
7	4444907	2624653	3102892	3661067
8	4351322	1770463	3603907	4107827
9	3909589	3502421	3608585	2812924
10	3936953	3035755	2682515	4178296
11	3815929	3043514	2978751	3995325
12	4215769	2707622	2938999	3971129
13	3991818	3167375	2721701	3952625
14	4046006	3022490	2982076	3782947
15	4398415	2907277	2971872	3555955
