	A	C	G	T
0	5754686	3491198	4130278	4708123
1	5802075	3683133	3650186	4948891
2	5629855	3706948	3702001	5045481
3	5558359	3477620	4257061	4791245
4	5841908	4231589	3395563	4615225
5	6438711	4098275	2156491	5390808
6	4884411	3991915	3266179	5941780
7	5827836	3285226	4170353	4800870
8	5725348	2353452	4302300	5703185
9	5006573	4644791	4711613	3721308
10	5210577	3864756	3609681	5399271
11	4974492	4140190	3645338	5324265
12	5447206	3455616	3872872	5308591
13	5256291	3986180	3717329	5124485
14	5196685	4049173	3716185	5122242
15	5604099	3775268	3938843	4766075
