	A	C	G	T
0	3872780	2725114	3123156	3685688
1	4013120	2951545	2726726	3715347
2	3784570	3124543	2348102	4149523
3	3964366	2661736	3084349	3696287
4	4204747	2903570	2722212	3576209
5	3448015	3004380	3136383	3817960
6	3384878	2245081	4202383	3574396
7	3912007	2900928	3180999	3412804
8	2798889	3520682	2201201	4885966
9	3578893	2738283	3317036	3772526
10	4947822	3268299	2012819	3177798
11	4250640	3197771	2142825	3815502
12	4098249	2617012	3274288	3417189
13	4212772	2646925	3055276	3491765
14	3875969	2972367	2620659	3937743
15	3902954	2529403	3310367	3664014
