	A	C	G	T
0	6656371	3951297	4657254	5231375
1	6612401	4273757	3989499	5620640
2	6446769	4079632	4383063	5586833
3	6373836	3969200	4841396	5311865
4	6647831	5034685	3622217	5191564
5	7783542	4138387	2243508	6330860
6	5880256	4567504	3397808	6650729
7	6639270	3983048	4769552	5104427
8	6386021	2676956	5606060	5827260
9	6132777	5013259	5106644	4243617
10	5904528	4616238	3837560	6137971
11	5764861	4494811	4463508	5773117
12	6296247	3965148	4502470	5732432
13	5907680	4683416	4098189	5807012
14	5951558	4480201	4436394	5628144
15	6489233	4288440	4516206	5202418
