	A	C	G	T
0	5789893	4373731	4262071	5847357
1	5900314	4165445	4714966	5492327
2	5995626	4218233	4272883	5786310
3	5861121	4378856	3992976	6040099
4	6096099	4086648	4306093	5784212
5	6162317	4181261	4782593	5146881
6	5839781	3879672	5034539	5519060
7	5893205	3808477	4945932	5625438
8	4742797	4413538	4115138	7001579
9	5119626	3971609	5249319	5932498
10	6883716	4577716	3700539	5111081
11	6508030	4339285	3854815	5570922
12	6077187	4446549	4266065	5483251
13	6090655	4059681	4744173	5378543
14	6203415	4151963	4428298	5489376
15	5935443	4236289	4337251	5764069
