	A	C	G	T
0	6544224	3908648	4667905	5149888
1	6423385	4409439	3825436	5612405
2	6197757	4142067	4433071	5497770
3	6267610	3981882	4926362	5094811
4	6438356	4998443	3676013	5157853
5	7286373	4197389	2552198	6234705
6	5929494	4049906	3611840	6679425
7	6348957	4189351	4404409	5327948
8	6380905	2639080	5337888	5912792
9	6260680	5015285	4799190	4195510
10	5900992	4598314	3615666	6155693
11	5687270	4248207	4666954	5668234
12	6206554	3769195	4589359	5705557
13	5714977	4699189	3951200	5905299
14	5839010	4377305	4447497	5606853
15	6605202	4024861	4513772	5126830
