	A	C	G	T
0	7389047	4408054	5228367	5761908
1	7166229	5050741	4207635	6362771
2	6931649	4585842	5166083	6103802
3	7079523	4516327	5562689	5628837
4	7120387	5774447	4078773	5813769
5	8403068	4261862	2939802	7182644
6	6697645	4331513	4195059	7563159
7	6995723	4740504	4948947	6102202
8	7184226	2850378	6142114	6610658
9	7253004	5498902	5158631	4876839
10	6656993	5155458	3960230	7014695
11	6437731	4499187	5598660	6251798
12	7027169	4199201	5207205	6353801
13	6388083	5283934	4363834	6751525
14	6574590	4722437	5270664	6219685
15	7458866	4436942	5195343	5696225
