	A	C	G	T
0	3574976	2159324	2527662	2854373
1	3552026	2336938	2169597	3057774
2	3445825	2257212	2356118	3057180
3	3421717	2178111	2635625	2880882
4	3538308	2788729	1990432	2798866
5	4216080	2298531	1297661	3304063
6	3194124	2319249	1983079	3619883
7	3556976	2151611	2587770	2819978
8	3474353	1459021	2930860	3252101
9	3298532	2740166	2780590	2297047
10	3182349	2481249	2122657	3330080
11	3099825	2432742	2459292	3124476
12	3380880	2105022	2540578	3089855
13	3168801	2525507	2289041	3132986
14	3175252	2454495	2413667	3072921
15	3482479	2293667	2521953	2818236
