	A	C	G	T
0	5904666	3487679	4100907	4664304
1	5913475	3711328	3582745	4950008
2	5786674	3598252	3770993	5001637
3	5651635	3493071	4213162	4799688
4	5808470	4631104	3158269	4559713
5	7149638	3605012	1900298	5502608
6	5332069	3813320	3146763	5865404
7	5908043	3293319	4493293	4462901
8	5669535	2365056	4866868	5256097
9	5320676	4346691	4679259	3810930
10	5179955	3937403	3649673	5390525
11	5067699	3971308	3927013	5191536
12	5505257	3448802	4044052	5159445
13	5229702	4016400	3783777	5127677
14	5245739	3947234	3908512	5056071
15	5716744	3739771	4026831	4674210
