	A	C	G	T
0	7392754	5305022	5827304	7151407
1	7595387	5601006	5385328	7094766
2	7355037	5795644	4658423	7867383
3	7611882	5150307	5652603	7261695
4	8093332	5414765	5258938	6909452
5	7002701	5563459	6032635	7077692
6	6771403	4387842	7635536	6881706
7	7682455	5106206	6296548	6591278
8	5407227	6404482	4657623	9207155
9	6531502	5461759	6139285	7543941
10	9495811	6178686	3916418	6085572
11	8276463	5951662	4228562	7219800
12	7839251	5201229	6024602	6611405
13	8003503	5114515	5866530	6691939
14	7587451	5563454	5148365	7377217
15	7508909	4988391	6072275	7106912
