	A	C	G	T
0	8315215	4977578	5812086	6568963
1	8286820	5346475	5007864	7032683
2	8063954	5130050	5463473	7016365
3	7941879	5035530	6023131	6673302
4	8201512	6419569	4515396	6537365
5	10079566	5071159	2746657	7776460
6	7387623	5555508	4314731	8415980
7	8229452	4857400	6137366	6449624
8	7976637	3327951	6930966	7438288
9	7626248	6185924	6446020	5415650
10	7334146	5661638	4964889	7713169
11	7158992	5555116	5642138	7317596
12	7784336	4899860	5741574	7248072
13	7331632	5797576	5237090	7307544
14	7365014	5610319	5584018	7114491
15	8035352	5398737	5716494	6523259
