	A	C	G	T
0	5280769	3658609	4246948	4972957
1	5414630	3971287	3706663	5066703
2	5188406	4054865	3326620	5589392
3	5455171	3567283	4098415	5038414
4	5767586	3875371	3574235	4942091
5	4808017	3860481	4407789	5082996
6	4729451	3000411	5662089	4767332
7	5446572	3717113	4362596	4633002
8	3794708	4531447	3259573	6573555
9	4763996	3813020	4356159	5226108
10	6751058	4424452	2660651	4323122
11	5828385	4229899	2987089	5113910
12	5607864	3591698	4344379	4615342
13	5671404	3643258	4070938	4773683
14	5315080	3927949	3662564	5253690
15	5356130	3453772	4390434	4958947
