	A	C	G	T
0	5967406	4250344	4644534	5636038
1	6137670	4482537	4268095	5610020
2	5925218	4645907	3724149	6203048
3	6124793	4159575	4463699	5750255
4	6479829	4381377	4134882	5502234
5	5636788	4456900	4786182	5618452
6	5444312	3549900	6050195	5453915
7	6104932	4134377	4971606	5287407
8	4414883	5107463	3698186	7277790
9	5348488	4233160	4968762	5947912
10	7487839	4975538	3141406	4893539
11	6574394	4752243	3390570	5781115
12	6267091	4141241	4806912	5283078
13	6370757	4089603	4684011	5353951
14	6039901	4446706	4130139	5881576
15	6010776	3985687	4848645	5653214
