	A	C	G	T
0	3211702	2265109	2587193	3053701
1	3304111	2393096	2379442	3041056
2	3174524	2475864	2070059	3397258
3	3278331	2207145	2473524	3158705
4	3499984	2337562	2279410	3000749
5	3083849	2418885	2551048	3063923
6	2991048	1867700	3313854	2945103
7	3424653	2045910	2887749	2759393
8	2247625	2682162	2183006	4004912
9	2686631	2272630	2879015	3279429
10	3965618	2634459	1786780	2730848
11	3510212	2571703	1870243	3165547
12	3369117	2263629	2617108	2867851
13	3449202	2222436	2534288	2911779
14	3257706	2430708	2244790	3184501
15	3250569	2165782	2625493	3075861
