	A	C	G	T
0	6589799	4894185	4645886	6660408
1	6521415	4707391	5308604	6252868
2	6772426	4395004	5401619	6221229
3	6618884	4953607	4480668	6737119
4	6512755	4575350	4717901	6984272
5	7166411	4322540	5623456	5677871
6	6897078	4291075	5578655	6023470
7	6617554	4185861	5543376	6443487
8	5381754	4452777	5152106	7803641
9	5831122	4236553	6068437	6654166
10	7388011	5124886	4280488	5996893
11	7236532	4625730	4776470	6151546
12	6913305	5007820	4636767	6232386
13	6695652	4728442	5144250	6221934
14	7036497	4465734	5286627	6001420
15	6811466	4815589	4734232	6428991
