	A	C	G	T
0	3857223	2320443	2653409	3073974
1	3729448	2569366	2249490	3356745
2	3690844	2343960	2657654	3212591
3	3674353	2351934	2787470	3091292
4	3696125	3113398	2048483	3047043
5	4643693	2304078	1339157	3618121
6	3416271	2569267	1919690	3999821
7	3661788	2415028	2746783	3081450
8	3647071	1471686	3409236	3377056
9	3596206	2843111	2900139	2565593
10	3305001	2692388	2187259	3720401
11	3311742	2456052	2809532	3327723
12	3622218	2281142	2643819	3357870
13	3299132	2775380	2313334	3517203
14	3399664	2513034	2718260	3274091
15	3772709	2456461	2622738	3053141
