	A	C	G	T
0	7199298	4320153	5051564	5701834
1	6853420	4961497	4149743	6308189
2	6761958	4407979	5143959	5958953
3	6820836	4422098	5408081	5621834
4	6796883	5734655	3967623	5773688
5	8064947	4197003	2720153	7290746
6	6377422	4608945	3742753	7543729
7	6590380	4845985	4902531	5933953
8	6793651	2833741	6312039	6333418
9	6872128	5426585	5102198	4871938
10	6192914	5165507	3883483	7030945
11	6169434	4465225	5481582	6156608
12	6769687	4249339	4961915	6291908
13	6040782	5320111	4231224	6680732
14	6315635	4643491	5228359	6085364
15	7146961	4532091	4926070	5667727
