	A	C	G	T
0	3427629	2539564	2564283	3376079
1	3521261	2473189	2675339	3237766
2	3491466	2589709	2279450	3546930
3	3466457	2466210	2445131	3529757
4	3661764	2379680	2619591	3246520
5	3433121	2544304	2783088	3147042
6	3236975	2156584	3242613	3271383
7	3603433	2132989	3030511	3140622
8	2609765	2769805	2329728	4198257
9	3000381	2496009	2877108	3534057
10	4197745	2812958	2011373	2885479
11	3863128	2669460	2059328	3315639
12	3566017	2562248	2631187	3148103
13	3646483	2329016	2840640	3091416
14	3582693	2534951	2470520	3319391
15	3447264	2423512	2642047	3394732
