	A	C	G	T
0	6025682	3642524	4235423	4818930
1	5732659	4157004	3517151	5315745
2	5672648	3696942	4336966	5016003
3	5656068	3741871	4567093	4757527
4	5638036	4867910	3355805	4860808
5	6766598	3461919	2101467	6392575
6	5212145	4211560	2885852	6413002
7	5487871	4111137	4273205	4850346
8	5619303	2445046	5499040	5159170
9	5606073	4626275	4474077	4016134
10	5084289	4384882	3351141	5902247
11	5065787	3822212	4652768	5181792
12	5602875	3651457	4216757	5251470
13	4987340	4532758	3617959	5584502
14	5216690	3952635	4436760	5116474
15	5894843	3896838	4160443	4770435
