	A	C	G	T
0	6404893	4883655	4571015	6416385
1	6399161	4776226	5025308	6075253
2	6576346	4507479	5020027	6172096
3	6499234	4899868	4349121	6527725
4	6451578	4610259	4542003	6672108
5	6906223	4426346	5407070	5536309
6	6605437	4339129	5472752	5858630
7	6376986	4424728	5174417	6299817
8	5235540	4721263	4703449	7615696
9	5867248	4409010	5588927	6410763
10	7396966	5195905	4000637	5682440
11	7072444	4628140	4560222	6015142
12	6742857	4861572	4667079	6004440
13	6571873	4644877	5003665	6055533
14	6798688	4435338	5094915	5947007
15	6628790	4666548	4739498	6241112
