	A	C	G	T
0	5314625	4235508	3762772	5411885
1	5341797	4001932	4276318	5104743
2	5549456	3851672	4160130	5163532
3	5397996	4203608	3601701	5521485
4	5422553	3837904	3982161	5482172
5	5735911	3776486	4596758	4615635
6	5415336	3758398	4556513	4994543
7	5366414	3646337	4464245	5247794
8	4373802	4053072	3957124	6340792
9	4875867	3870627	4572942	5405354
10	6275264	4342654	3376751	4730121
11	6036665	3899959	3775812	5012354
12	5617897	4183082	3845175	5078636
13	5516492	3840191	4326872	5041235
14	5756144	3744389	4257974	4966283
15	5513595	4001703	3896119	5313373
